0.000000000000000000e+00 0.000000000000000000e+00 -9.615384615384615918e-03 0.000000000000000000e+00
0.000000000000000000e+00 0.000000000000000000e+00 -9.615384615384615918e-03 0.000000000000000000e+00
-9.615384615384615918e-03 0.000000000000000000e+00 -9.615384615384615918e-03 0.000000000000000000e+00
-9.615384615384615918e-03 0.000000000000000000e+00 -9.615384615384615918e-03 0.000000000000000000e+00
-9.615384615384615918e-03 0.000000000000000000e+00 -9.615384615384615918e-03 0.000000000000000000e+00
-9.615384615384615918e-03 0.000000000000000000e+00 -9.615384615384615918e-03 0.000000000000000000e+00
-9.615384615384615918e-03 0.000000000000000000e+00 -9.615384615384615918e-03 -9.615384615384615918e-03
-9.615384615384615918e-03 0.000000000000000000e+00 -9.615384615384615918e-03 -9.615384615384615918e-03
-9.615384615384615918e-03 0.000000000000000000e+00 -9.615384615384615918e-03 -9.615384615384615918e-03
-9.615384615384615918e-03 0.000000000000000000e+00 -9.615384615384615918e-03 -9.615384615384615918e-03
-9.615384615384615918e-03 0.000000000000000000e+00 -9.615384615384615918e-03 -9.615384615384615918e-03
-9.615384615384615918e-03 0.000000000000000000e+00 -9.615384615384615918e-03 -9.615384615384615918e-03
-9.615384615384615918e-03 0.000000000000000000e+00 -9.615384615384615918e-03 0.000000000000000000e+00
-9.615384615384615918e-03 0.000000000000000000e+00 -9.615384615384615918e-03 0.000000000000000000e+00
-9.615384615384615918e-03 0.000000000000000000e+00 -9.615384615384615918e-03 0.000000000000000000e+00
-9.615384615384615918e-03 0.000000000000000000e+00 -9.615384615384615918e-03 0.000000000000000000e+00
-9.615384615384615918e-03 0.000000000000000000e+00 -9.615384615384615918e-03 0.000000000000000000e+00
-9.615384615384615918e-03 0.000000000000000000e+00 -9.615384615384615918e-03 0.000000000000000000e+00
-9.615384615384615918e-03 0.000000000000000000e+00 -9.615384615384615918e-03 0.000000000000000000e+00
-9.615384615384615918e-03 0.000000000000000000e+00 -9.615384615384615918e-03 0.000000000000000000e+00
-9.615384615384615918e-03 0.000000000000000000e+00 -9.615384615384615918e-03 0.000000000000000000e+00
0.000000000000000000e+00 0.000000000000000000e+00 -9.615384615384615918e-03 0.000000000000000000e+00
0.000000000000000000e+00 0.000000000000000000e+00 -9.615384615384615918e-03 0.000000000000000000e+00
0.000000000000000000e+00 0.000000000000000000e+00 0.000000000000000000e+00 0.000000000000000000e+00
0.000000000000000000e+00 0.000000000000000000e+00 0.000000000000000000e+00 0.000000000000000000e+00
0.000000000000000000e+00 0.000000000000000000e+00 0.000000000000000000e+00 0.000000000000000000e+00
0.000000000000000000e+00 0.000000000000000000e+00 0.000000000000000000e+00 0.000000000000000000e+00
0.000000000000000000e+00 9.345794392523363789e-03 0.000000000000000000e+00 0.000000000000000000e+00
0.000000000000000000e+00 9.345794392523363789e-03 0.000000000000000000e+00 0.000000000000000000e+00
0.000000000000000000e+00 9.345794392523363789e-03 0.000000000000000000e+00 0.000000000000000000e+00
0.000000000000000000e+00 9.345794392523363789e-03 0.000000000000000000e+00 0.000000000000000000e+00
0.000000000000000000e+00 9.345794392523363789e-03 0.000000000000000000e+00 0.000000000000000000e+00
0.000000000000000000e+00 9.345794392523363789e-03 0.000000000000000000e+00 0.000000000000000000e+00
0.000000000000000000e+00 9.345794392523363789e-03 0.000000000000000000e+00 0.000000000000000000e+00
0.000000000000000000e+00 9.345794392523363789e-03 0.000000000000000000e+00 0.000000000000000000e+00
0.000000000000000000e+00 9.345794392523363789e-03 0.000000000000000000e+00 0.000000000000000000e+00
0.000000000000000000e+00 9.345794392523363789e-03 0.000000000000000000e+00 0.000000000000000000e+00
0.000000000000000000e+00 9.345794392523363789e-03 0.000000000000000000e+00 0.000000000000000000e+00
0.000000000000000000e+00 9.345794392523363789e-03 0.000000000000000000e+00 0.000000000000000000e+00
0.000000000000000000e+00 9.345794392523363789e-03 0.000000000000000000e+00 9.615384615384615918e-03
0.000000000000000000e+00 9.345794392523363789e-03 0.000000000000000000e+00 9.615384615384615918e-03
0.000000000000000000e+00 9.345794392523363789e-03 0.000000000000000000e+00 9.615384615384615918e-03
0.000000000000000000e+00 9.345794392523363789e-03 0.000000000000000000e+00 9.615384615384615918e-03
9.615384615384615918e-03 9.345794392523363789e-03 9.615384615384615918e-03 9.615384615384615918e-03
9.615384615384615918e-03 1.869158878504672758e-02 9.615384615384615918e-03 9.615384615384615918e-03
9.615384615384615918e-03 1.869158878504672758e-02 9.615384615384615918e-03 9.615384615384615918e-03
9.615384615384615918e-03 1.869158878504672758e-02 9.615384615384615918e-03 9.615384615384615918e-03
9.615384615384615918e-03 1.869158878504672758e-02 9.615384615384615918e-03 9.615384615384615918e-03
9.615384615384615918e-03 1.869158878504672758e-02 9.615384615384615918e-03 9.615384615384615918e-03
9.615384615384615918e-03 1.869158878504672758e-02 9.615384615384615918e-03 9.615384615384615918e-03
9.615384615384615918e-03 1.869158878504672758e-02 9.615384615384615918e-03 9.615384615384615918e-03
9.615384615384615918e-03 1.869158878504672758e-02 9.615384615384615918e-03 9.615384615384615918e-03
9.615384615384615918e-03 1.869158878504672758e-02 9.615384615384615918e-03 9.615384615384615918e-03
9.615384615384615918e-03 1.869158878504672758e-02 9.615384615384615918e-03 1.923076923076923184e-02
9.615384615384615918e-03 1.869158878504672758e-02 9.615384615384615918e-03 1.923076923076923184e-02
9.615384615384615918e-03 1.869158878504672758e-02 9.615384615384615918e-03 1.923076923076923184e-02
1.923076923076923184e-02 2.803738317757009310e-02 1.923076923076923184e-02 1.923076923076923184e-02
1.923076923076923184e-02 2.803738317757009310e-02 1.923076923076923184e-02 1.923076923076923184e-02
1.923076923076923184e-02 2.803738317757009310e-02 1.923076923076923184e-02 1.923076923076923184e-02
1.923076923076923184e-02 2.803738317757009310e-02 1.923076923076923184e-02 1.923076923076923184e-02
1.923076923076923184e-02 2.803738317757009310e-02 1.923076923076923184e-02 1.923076923076923184e-02
1.923076923076923184e-02 2.803738317757009310e-02 1.923076923076923184e-02 1.923076923076923184e-02
1.923076923076923184e-02 2.803738317757009310e-02 1.923076923076923184e-02 1.923076923076923184e-02
1.923076923076923184e-02 2.803738317757009310e-02 1.923076923076923184e-02 2.884615384615384776e-02
1.923076923076923184e-02 2.803738317757009310e-02 1.923076923076923184e-02 2.884615384615384776e-02
1.923076923076923184e-02 3.738317757009345516e-02 1.923076923076923184e-02 2.884615384615384776e-02
2.884615384615384776e-02 3.738317757009345516e-02 2.884615384615384776e-02 2.884615384615384776e-02
2.884615384615384776e-02 3.738317757009345516e-02 2.884615384615384776e-02 2.884615384615384776e-02
2.884615384615384776e-02 3.738317757009345516e-02 2.884615384615384776e-02 2.884615384615384776e-02
2.884615384615384776e-02 3.738317757009345516e-02 2.884615384615384776e-02 2.884615384615384776e-02
2.884615384615384776e-02 3.738317757009345516e-02 2.884615384615384776e-02 2.884615384615384776e-02
2.884615384615384776e-02 3.738317757009345516e-02 2.884615384615384776e-02 3.846153846153846367e-02
2.884615384615384776e-02 4.672897196261682068e-02 2.884615384615384776e-02 3.846153846153846367e-02
3.846153846153846367e-02 4.672897196261682068e-02 3.846153846153846367e-02 3.846153846153846367e-02
3.846153846153846367e-02 4.672897196261682068e-02 3.846153846153846367e-02 3.846153846153846367e-02
3.846153846153846367e-02 4.672897196261682068e-02 3.846153846153846367e-02 3.846153846153846367e-02
3.846153846153846367e-02 4.672897196261682068e-02 3.846153846153846367e-02 3.846153846153846367e-02
3.846153846153846367e-02 4.672897196261682068e-02 3.846153846153846367e-02 3.846153846153846367e-02
3.846153846153846367e-02 4.672897196261682068e-02 3.846153846153846367e-02 3.846153846153846367e-02
3.846153846153846367e-02 4.672897196261682068e-02 3.846153846153846367e-02 4.807692307692307959e-02
4.807692307692307959e-02 5.607476635514018620e-02 4.807692307692307959e-02 4.807692307692307959e-02
4.807692307692307959e-02 5.607476635514018620e-02 4.807692307692307959e-02 4.807692307692307959e-02
4.807692307692307959e-02 5.607476635514018620e-02 4.807692307692307959e-02 4.807692307692307959e-02
4.807692307692307959e-02 5.607476635514018620e-02 4.807692307692307959e-02 4.807692307692307959e-02
4.807692307692307959e-02 5.607476635514018620e-02 4.807692307692307959e-02 4.807692307692307959e-02
4.807692307692307959e-02 5.607476635514018620e-02 4.807692307692307959e-02 5.769230769230769551e-02
4.807692307692307959e-02 7.476635514018691031e-02 4.807692307692307959e-02 5.769230769230769551e-02
5.769230769230769551e-02 7.476635514018691031e-02 5.769230769230769551e-02 5.769230769230769551e-02
5.769230769230769551e-02 7.476635514018691031e-02 5.769230769230769551e-02 5.769230769230769551e-02
5.769230769230769551e-02 7.476635514018691031e-02 5.769230769230769551e-02 5.769230769230769551e-02
5.769230769230769551e-02 7.476635514018691031e-02 5.769230769230769551e-02 5.769230769230769551e-02
5.769230769230769551e-02 8.411214953271027583e-02 5.769230769230769551e-02 6.730769230769230449e-02
5.769230769230769551e-02 8.411214953271027583e-02 5.769230769230769551e-02 6.730769230769230449e-02
6.730769230769230449e-02 8.411214953271027583e-02 6.730769230769230449e-02 6.730769230769230449e-02
6.730769230769230449e-02 8.411214953271027583e-02 6.730769230769230449e-02 6.730769230769230449e-02
6.730769230769230449e-02 8.411214953271027583e-02 6.730769230769230449e-02 6.730769230769230449e-02
6.730769230769230449e-02 8.411214953271027583e-02 6.730769230769230449e-02 6.730769230769230449e-02
6.730769230769230449e-02 9.345794392523364136e-02 6.730769230769230449e-02 7.692307692307692735e-02
6.730769230769230449e-02 9.345794392523364136e-02 6.730769230769230449e-02 7.692307692307692735e-02
7.692307692307692735e-02 9.345794392523364136e-02 7.692307692307692735e-02 7.692307692307692735e-02
7.692307692307692735e-02 9.345794392523364136e-02 7.692307692307692735e-02 7.692307692307692735e-02
7.692307692307692735e-02 9.345794392523364136e-02 7.692307692307692735e-02 7.692307692307692735e-02
7.692307692307692735e-02 1.028037383177570069e-01 7.692307692307692735e-02 8.653846153846153633e-02
7.692307692307692735e-02 1.028037383177570069e-01 8.653846153846153633e-02 8.653846153846153633e-02
8.653846153846153633e-02 1.028037383177570069e-01 8.653846153846153633e-02 8.653846153846153633e-02
8.653846153846153633e-02 1.028037383177570069e-01 8.653846153846153633e-02 8.653846153846153633e-02
8.653846153846153633e-02 1.028037383177570069e-01 8.653846153846153633e-02 8.653846153846153633e-02
8.653846153846153633e-02 1.121495327102803724e-01 8.653846153846153633e-02 8.653846153846153633e-02
8.653846153846153633e-02 1.121495327102803724e-01 8.653846153846153633e-02 9.615384615384615918e-02
9.615384615384615918e-02 1.121495327102803724e-01 9.615384615384615918e-02 9.615384615384615918e-02
9.615384615384615918e-02 1.121495327102803724e-01 9.615384615384615918e-02 9.615384615384615918e-02
9.615384615384615918e-02 1.121495327102803724e-01 9.615384615384615918e-02 9.615384615384615918e-02
9.615384615384615918e-02 1.214953271028037379e-01 9.615384615384615918e-02 1.057692307692307682e-01
1.057692307692307682e-01 1.214953271028037379e-01 1.057692307692307682e-01 1.057692307692307682e-01
1.057692307692307682e-01 1.214953271028037379e-01 1.057692307692307682e-01 1.057692307692307682e-01
1.057692307692307682e-01 1.214953271028037379e-01 1.057692307692307682e-01 1.057692307692307682e-01
1.057692307692307682e-01 1.308411214953270896e-01 1.057692307692307682e-01 1.057692307692307682e-01
1.057692307692307682e-01 1.308411214953270896e-01 1.057692307692307682e-01 1.153846153846153910e-01
1.153846153846153910e-01 1.308411214953270896e-01 1.153846153846153910e-01 1.153846153846153910e-01
1.153846153846153910e-01 1.308411214953270896e-01 1.153846153846153910e-01 1.153846153846153910e-01
1.153846153846153910e-01 1.308411214953270896e-01 1.153846153846153910e-01 1.153846153846153910e-01
1.153846153846153910e-01 1.401869158878504551e-01 1.153846153846153910e-01 1.250000000000000000e-01
1.250000000000000000e-01 1.401869158878504551e-01 1.250000000000000000e-01 1.250000000000000000e-01
1.250000000000000000e-01 1.401869158878504551e-01 1.250000000000000000e-01 1.250000000000000000e-01
1.250000000000000000e-01 1.401869158878504551e-01 1.250000000000000000e-01 1.250000000000000000e-01
1.250000000000000000e-01 1.495327102803738206e-01 1.250000000000000000e-01 1.346153846153846090e-01
1.346153846153846090e-01 1.495327102803738206e-01 1.346153846153846090e-01 1.346153846153846090e-01
1.346153846153846090e-01 1.495327102803738206e-01 1.346153846153846090e-01 1.346153846153846090e-01
1.346153846153846090e-01 1.588785046728971861e-01 1.346153846153846090e-01 1.346153846153846090e-01
1.346153846153846090e-01 1.588785046728971861e-01 1.346153846153846090e-01 1.442307692307692180e-01
1.442307692307692180e-01 1.588785046728971861e-01 1.442307692307692180e-01 1.442307692307692180e-01
1.442307692307692180e-01 1.588785046728971861e-01 1.442307692307692180e-01 1.442307692307692180e-01
1.442307692307692180e-01 1.682242990654205517e-01 1.442307692307692180e-01 1.442307692307692180e-01
1.442307692307692180e-01 1.682242990654205517e-01 1.442307692307692180e-01 1.538461538461538547e-01
1.538461538461538547e-01 1.682242990654205517e-01 1.538461538461538547e-01 1.538461538461538547e-01
1.538461538461538547e-01 1.775700934579439172e-01 1.538461538461538547e-01 1.538461538461538547e-01
1.538461538461538547e-01 1.775700934579439172e-01 1.538461538461538547e-01 1.634615384615384637e-01
1.538461538461538547e-01 1.775700934579439172e-01 1.538461538461538547e-01 1.634615384615384637e-01
1.634615384615384637e-01 1.775700934579439172e-01 1.634615384615384637e-01 1.634615384615384637e-01
1.634615384615384637e-01 1.869158878504672827e-01 1.634615384615384637e-01 1.730769230769230727e-01
1.634615384615384637e-01 1.869158878504672827e-01 1.634615384615384637e-01 1.730769230769230727e-01
1.634615384615384637e-01 1.869158878504672827e-01 1.634615384615384637e-01 1.730769230769230727e-01
1.826923076923076816e-01 1.962616822429906482e-01 1.730769230769230727e-01 1.923076923076923184e-01
1.826923076923076816e-01 1.962616822429906482e-01 1.730769230769230727e-01 1.923076923076923184e-01
1.826923076923076816e-01 1.962616822429906482e-01 1.730769230769230727e-01 1.923076923076923184e-01
1.923076923076923184e-01 2.056074766355140138e-01 1.923076923076923184e-01 1.923076923076923184e-01
1.923076923076923184e-01 2.056074766355140138e-01 1.923076923076923184e-01 2.019230769230769273e-01
1.923076923076923184e-01 2.056074766355140138e-01 1.923076923076923184e-01 2.019230769230769273e-01
1.923076923076923184e-01 2.056074766355140138e-01 1.923076923076923184e-01 2.019230769230769273e-01
2.019230769230769273e-01 2.149532710280373793e-01 2.019230769230769273e-01 2.115384615384615363e-01
2.019230769230769273e-01 2.149532710280373793e-01 2.019230769230769273e-01 2.115384615384615363e-01
2.115384615384615363e-01 2.336448598130841103e-01 2.211538461538461453e-01 2.211538461538461453e-01
2.307692307692307820e-01 2.429906542056074759e-01 2.307692307692307820e-01 2.307692307692307820e-01
2.403846153846153910e-01 2.523364485981308136e-01 2.403846153846153910e-01 2.500000000000000000e-01
2.500000000000000000e-01 2.710280373831775447e-01 2.596153846153846367e-01 2.596153846153846367e-01
2.692307692307692180e-01 2.803738317757009102e-01 2.692307692307692180e-01 2.692307692307692180e-01
2.884615384615384359e-01 2.897196261682242757e-01 2.884615384615384359e-01 2.788461538461538547e-01
2.980769230769230727e-01 2.897196261682242757e-01 2.980769230769230727e-01 2.884615384615384359e-01
3.076923076923077094e-01 2.990654205607476412e-01 3.173076923076922906e-01 2.980769230769230727e-01
3.269230769230769273e-01 2.990654205607476412e-01 3.269230769230769273e-01 3.076923076923077094e-01
3.461538461538461453e-01 2.990654205607476412e-01 3.461538461538461453e-01 3.076923076923077094e-01
3.557692307692307820e-01 3.084112149532710068e-01 3.557692307692307820e-01 3.173076923076922906e-01
3.653846153846153633e-01 3.084112149532710068e-01 3.653846153846153633e-01 3.269230769230769273e-01
3.846153846153846367e-01 3.084112149532710068e-01 3.846153846153846367e-01 3.269230769230769273e-01
3.942307692307692180e-01 3.084112149532710068e-01 3.942307692307692180e-01 3.365384615384615641e-01
4.038461538461538547e-01 3.084112149532710068e-01 4.134615384615384359e-01 3.461538461538461453e-01
4.230769230769230727e-01 3.084112149532710068e-01 4.230769230769230727e-01 3.461538461538461453e-01
4.326923076923077094e-01 3.084112149532710068e-01 4.326923076923077094e-01 3.557692307692307820e-01
4.423076923076922906e-01 3.084112149532710068e-01 4.519230769230769273e-01 3.557692307692307820e-01
4.615384615384615641e-01 3.177570093457943723e-01 4.615384615384615641e-01 3.557692307692307820e-01
4.711538461538461453e-01 3.177570093457943723e-01 4.711538461538461453e-01 3.653846153846153633e-01
4.903846153846153633e-01 3.177570093457943723e-01 4.903846153846153633e-01 3.653846153846153633e-01
5.000000000000000000e-01 3.177570093457943723e-01 5.000000000000000000e-01 3.653846153846153633e-01
5.096153846153845812e-01 3.177570093457943723e-01 5.096153846153845812e-01 3.653846153846153633e-01
5.192307692307692735e-01 3.177570093457943723e-01 5.192307692307692735e-01 3.653846153846153633e-01
5.384615384615384359e-01 3.177570093457943723e-01 5.384615384615384359e-01 3.750000000000000000e-01
5.480769230769231282e-01 3.271028037383177378e-01 5.480769230769231282e-01 3.750000000000000000e-01
5.673076923076922906e-01 3.271028037383177378e-01 5.576923076923077094e-01 3.653846153846153633e-01
5.769230769230768718e-01 3.271028037383177378e-01 5.673076923076922906e-01 3.653846153846153633e-01
5.865384615384615641e-01 3.271028037383177378e-01 5.769230769230768718e-01 3.653846153846153633e-01
6.057692307692307265e-01 3.271028037383177378e-01 5.865384615384615641e-01 3.653846153846153633e-01
6.153846153846154188e-01 3.271028037383177378e-01 5.961538461538461453e-01 3.653846153846153633e-01
6.346153846153845812e-01 3.271028037383177378e-01 6.057692307692307265e-01 3.653846153846153633e-01
6.442307692307692735e-01 3.364485981308411033e-01 6.250000000000000000e-01 3.653846153846153633e-01
6.634615384615384359e-01 3.364485981308411033e-01 6.250000000000000000e-01 3.653846153846153633e-01
6.730769230769231282e-01 3.364485981308411033e-01 6.442307692307692735e-01 3.653846153846153633e-01
6.826923076923077094e-01 3.364485981308411033e-01 6.442307692307692735e-01 3.653846153846153633e-01
6.923076923076922906e-01 3.364485981308411033e-01 6.538461538461538547e-01 3.653846153846153633e-01
7.115384615384615641e-01 3.364485981308411033e-01 6.634615384615384359e-01 3.653846153846153633e-01
7.211538461538461453e-01 3.364485981308411033e-01 6.730769230769231282e-01 3.653846153846153633e-01
7.211538461538461453e-01 3.364485981308411033e-01 6.826923076923077094e-01 3.653846153846153633e-01
7.307692307692307265e-01 3.364485981308411033e-01 6.826923076923077094e-01 3.653846153846153633e-01
7.500000000000000000e-01 3.457943925233644689e-01 6.923076923076922906e-01 3.653846153846153633e-01
7.500000000000000000e-01 3.457943925233644689e-01 7.019230769230768718e-01 3.653846153846153633e-01
7.596153846153845812e-01 3.457943925233644689e-01 7.115384615384615641e-01 3.653846153846153633e-01
7.692307692307692735e-01 3.457943925233644689e-01 7.115384615384615641e-01 3.653846153846153633e-01
7.788461538461538547e-01 3.457943925233644689e-01 7.307692307692307265e-01 3.653846153846153633e-01
7.884615384615384359e-01 3.457943925233644689e-01 7.307692307692307265e-01 3.653846153846153633e-01
7.980769230769231282e-01 3.457943925233644689e-01 7.403846153846154188e-01 3.653846153846153633e-01
8.076923076923077094e-01 3.457943925233644689e-01 7.500000000000000000e-01 3.653846153846153633e-01
8.173076923076922906e-01 3.457943925233644689e-01 7.596153846153845812e-01 3.653846153846153633e-01
8.269230769230768718e-01 3.457943925233644689e-01 7.596153846153845812e-01 3.653846153846153633e-01
8.365384615384615641e-01 3.551401869158878344e-01 7.692307692307692735e-01 3.653846153846153633e-01
8.461538461538461453e-01 3.551401869158878344e-01 7.788461538461538547e-01 3.653846153846153633e-01
8.461538461538461453e-01 3.551401869158878344e-01 7.788461538461538547e-01 3.653846153846153633e-01
8.557692307692307265e-01 3.551401869158878344e-01 7.884615384615384359e-01 3.653846153846153633e-01
8.653846153846154188e-01 3.551401869158878344e-01 7.980769230769231282e-01 3.653846153846153633e-01
8.653846153846154188e-01 3.551401869158878344e-01 7.980769230769231282e-01 3.653846153846153633e-01
8.750000000000000000e-01 3.551401869158878344e-01 8.076923076923077094e-01 3.653846153846153633e-01
8.846153846153845812e-01 3.551401869158878344e-01 8.076923076923077094e-01 3.653846153846153633e-01
8.846153846153845812e-01 3.551401869158878344e-01 8.173076923076922906e-01 3.653846153846153633e-01
8.942307692307692735e-01 3.551401869158878344e-01 8.173076923076922906e-01 3.653846153846153633e-01
9.038461538461538547e-01 3.644859813084111999e-01 8.269230769230768718e-01 3.653846153846153633e-01
9.038461538461538547e-01 3.644859813084111999e-01 8.365384615384615641e-01 3.653846153846153633e-01
9.134615384615384359e-01 3.644859813084111999e-01 8.365384615384615641e-01 3.653846153846153633e-01
9.134615384615384359e-01 3.644859813084111999e-01 8.365384615384615641e-01 3.653846153846153633e-01
9.230769230769231282e-01 3.644859813084111999e-01 8.461538461538461453e-01 3.653846153846153633e-01
9.230769230769231282e-01 3.644859813084111999e-01 8.461538461538461453e-01 3.653846153846153633e-01
9.326923076923077094e-01 3.644859813084111999e-01 8.557692307692307265e-01 3.653846153846153633e-01
9.326923076923077094e-01 3.644859813084111999e-01 8.557692307692307265e-01 3.653846153846153633e-01
9.326923076923077094e-01 3.644859813084111999e-01 8.557692307692307265e-01 3.653846153846153633e-01
9.423076923076922906e-01 3.644859813084111999e-01 8.653846153846154188e-01 3.653846153846153633e-01
9.519230769230768718e-01 3.644859813084111999e-01 8.653846153846154188e-01 3.653846153846153633e-01
9.519230769230768718e-01 3.738317757009345654e-01 8.750000000000000000e-01 3.653846153846153633e-01
9.615384615384615641e-01 3.738317757009345654e-01 8.750000000000000000e-01 3.653846153846153633e-01
9.615384615384615641e-01 3.738317757009345654e-01 8.750000000000000000e-01 3.653846153846153633e-01
9.615384615384615641e-01 3.738317757009345654e-01 8.846153846153845812e-01 3.653846153846153633e-01
9.711538461538461453e-01 3.738317757009345654e-01 8.846153846153845812e-01 3.653846153846153633e-01
9.711538461538461453e-01 3.738317757009345654e-01 8.846153846153845812e-01 3.653846153846153633e-01
9.807692307692307265e-01 3.738317757009345654e-01 8.942307692307692735e-01 3.653846153846153633e-01
9.807692307692307265e-01 3.738317757009345654e-01 8.942307692307692735e-01 3.750000000000000000e-01
9.903846153846154188e-01 3.738317757009345654e-01 9.038461538461538547e-01 3.750000000000000000e-01
9.903846153846154188e-01 3.831775700934579310e-01 9.038461538461538547e-01 3.750000000000000000e-01
1.000000000000000000e+00 3.831775700934579310e-01 9.134615384615384359e-01 3.750000000000000000e-01
1.000000000000000000e+00 3.831775700934579310e-01 9.134615384615384359e-01 3.750000000000000000e-01
1.000000000000000000e+00 3.831775700934579310e-01 9.134615384615384359e-01 3.750000000000000000e-01
1.000000000000000000e+00 3.831775700934579310e-01 9.230769230769231282e-01 3.750000000000000000e-01
1.000000000000000000e+00 3.831775700934579310e-01 9.230769230769231282e-01 3.750000000000000000e-01
1.000000000000000000e+00 3.831775700934579310e-01 9.230769230769231282e-01 3.750000000000000000e-01
1.000000000000000000e+00 3.831775700934579310e-01 9.326923076923077094e-01 3.750000000000000000e-01
1.000000000000000000e+00 3.925233644859812965e-01 9.326923076923077094e-01 3.750000000000000000e-01
1.000000000000000000e+00 3.925233644859812965e-01 9.423076923076922906e-01 3.750000000000000000e-01
1.000000000000000000e+00 3.925233644859812965e-01 9.423076923076922906e-01 3.750000000000000000e-01
1.000000000000000000e+00 3.925233644859812965e-01 9.519230769230768718e-01 3.750000000000000000e-01
1.000000000000000000e+00 3.925233644859812965e-01 9.519230769230768718e-01 3.750000000000000000e-01
1.000000000000000000e+00 3.925233644859812965e-01 9.519230769230768718e-01 3.750000000000000000e-01
1.000000000000000000e+00 4.018691588785046620e-01 9.615384615384615641e-01 3.750000000000000000e-01
1.000000000000000000e+00 4.018691588785046620e-01 9.615384615384615641e-01 3.750000000000000000e-01
1.000000000000000000e+00 4.018691588785046620e-01 9.615384615384615641e-01 3.846153846153846367e-01
1.000000000000000000e+00 4.018691588785046620e-01 9.711538461538461453e-01 3.846153846153846367e-01
1.000000000000000000e+00 4.018691588785046620e-01 9.711538461538461453e-01 3.846153846153846367e-01
1.000000000000000000e+00 4.018691588785046620e-01 9.807692307692307265e-01 3.846153846153846367e-01
1.000000000000000000e+00 4.112149532710280275e-01 9.807692307692307265e-01 3.846153846153846367e-01
1.000000000000000000e+00 4.112149532710280275e-01 9.903846153846154188e-01 3.846153846153846367e-01
1.000000000000000000e+00 4.112149532710280275e-01 9.903846153846154188e-01 3.846153846153846367e-01
1.000000000000000000e+00 4.112149532710280275e-01 9.903846153846154188e-01 3.846153846153846367e-01
1.000000000000000000e+00 4.112149532710280275e-01 1.000000000000000000e+00 3.846153846153846367e-01
1.000000000000000000e+00 4.112149532710280275e-01 1.000000000000000000e+00 3.846153846153846367e-01
1.000000000000000000e+00 4.205607476635513930e-01 1.000000000000000000e+00 3.942307692307692180e-01
1.000000000000000000e+00 4.205607476635513930e-01 1.000000000000000000e+00 3.942307692307692180e-01
1.000000000000000000e+00 4.205607476635513930e-01 1.000000000000000000e+00 3.942307692307692180e-01
1.000000000000000000e+00 4.205607476635513930e-01 1.000000000000000000e+00 3.942307692307692180e-01
1.000000000000000000e+00 4.205607476635513930e-01 1.000000000000000000e+00 3.942307692307692180e-01
1.000000000000000000e+00 4.299065420560747586e-01 1.000000000000000000e+00 3.942307692307692180e-01
1.000000000000000000e+00 4.299065420560747586e-01 1.000000000000000000e+00 3.942307692307692180e-01
1.000000000000000000e+00 4.299065420560747586e-01 1.000000000000000000e+00 3.942307692307692180e-01
1.000000000000000000e+00 4.299065420560747586e-01 1.000000000000000000e+00 3.942307692307692180e-01
1.000000000000000000e+00 4.299065420560747586e-01 1.000000000000000000e+00 4.038461538461538547e-01
1.000000000000000000e+00 4.392523364485981241e-01 1.000000000000000000e+00 4.038461538461538547e-01
1.000000000000000000e+00 4.392523364485981241e-01 1.000000000000000000e+00 4.038461538461538547e-01
1.000000000000000000e+00 4.392523364485981241e-01 1.000000000000000000e+00 4.038461538461538547e-01
1.000000000000000000e+00 4.392523364485981241e-01 1.000000000000000000e+00 4.038461538461538547e-01
1.000000000000000000e+00 4.392523364485981241e-01 1.000000000000000000e+00 4.038461538461538547e-01
1.000000000000000000e+00 4.485981308411214896e-01 1.000000000000000000e+00 4.038461538461538547e-01
1.000000000000000000e+00 4.485981308411214896e-01 1.000000000000000000e+00 4.134615384615384359e-01
1.000000000000000000e+00 4.485981308411214896e-01 1.000000000000000000e+00 4.134615384615384359e-01
1.000000000000000000e+00 4.485981308411214896e-01 1.000000000000000000e+00 4.134615384615384359e-01
1.000000000000000000e+00 4.579439252336448551e-01 1.000000000000000000e+00 4.134615384615384359e-01
1.000000000000000000e+00 4.579439252336448551e-01 1.000000000000000000e+00 4.134615384615384359e-01
1.000000000000000000e+00 4.579439252336448551e-01 1.000000000000000000e+00 4.134615384615384359e-01
1.000000000000000000e+00 4.579439252336448551e-01 1.000000000000000000e+00 4.134615384615384359e-01
1.000000000000000000e+00 4.579439252336448551e-01 1.000000000000000000e+00 4.134615384615384359e-01
1.000000000000000000e+00 4.672897196261682207e-01 1.000000000000000000e+00 4.230769230769230727e-01
1.000000000000000000e+00 4.672897196261682207e-01 1.000000000000000000e+00 4.230769230769230727e-01
1.000000000000000000e+00 4.672897196261682207e-01 1.000000000000000000e+00 4.230769230769230727e-01
1.000000000000000000e+00 4.766355140186915862e-01 1.000000000000000000e+00 4.230769230769230727e-01
1.000000000000000000e+00 4.766355140186915862e-01 1.000000000000000000e+00 4.230769230769230727e-01
1.000000000000000000e+00 4.766355140186915862e-01 1.000000000000000000e+00 4.326923076923077094e-01
1.000000000000000000e+00 4.766355140186915862e-01 1.000000000000000000e+00 4.326923076923077094e-01
1.000000000000000000e+00 4.766355140186915862e-01 1.000000000000000000e+00 4.326923076923077094e-01
1.000000000000000000e+00 4.859813084112149517e-01 1.000000000000000000e+00 4.326923076923077094e-01
1.000000000000000000e+00 4.859813084112149517e-01 1.000000000000000000e+00 4.326923076923077094e-01
1.000000000000000000e+00 4.859813084112149517e-01 1.000000000000000000e+00 4.326923076923077094e-01
1.000000000000000000e+00 4.953271028037383172e-01 1.000000000000000000e+00 4.423076923076922906e-01
1.000000000000000000e+00 4.953271028037383172e-01 1.000000000000000000e+00 4.423076923076922906e-01
1.000000000000000000e+00 4.953271028037383172e-01 1.000000000000000000e+00 4.423076923076922906e-01
1.000000000000000000e+00 4.953271028037383172e-01 1.000000000000000000e+00 4.423076923076922906e-01
1.000000000000000000e+00 5.046728971962616273e-01 1.000000000000000000e+00 4.423076923076922906e-01
1.000000000000000000e+00 5.046728971962616273e-01 1.000000000000000000e+00 4.423076923076922906e-01
1.000000000000000000e+00 5.046728971962616273e-01 1.000000000000000000e+00 4.519230769230769273e-01
1.000000000000000000e+00 5.140186915887849928e-01 1.000000000000000000e+00 4.519230769230769273e-01
1.000000000000000000e+00 5.140186915887849928e-01 1.000000000000000000e+00 4.519230769230769273e-01
1.000000000000000000e+00 5.140186915887849928e-01 1.000000000000000000e+00 4.519230769230769273e-01
1.000000000000000000e+00 5.140186915887849928e-01 1.000000000000000000e+00 4.519230769230769273e-01
1.000000000000000000e+00 5.233644859813083583e-01 1.000000000000000000e+00 4.615384615384615641e-01
1.000000000000000000e+00 5.233644859813083583e-01 1.000000000000000000e+00 4.615384615384615641e-01
1.000000000000000000e+00 5.233644859813083583e-01 1.000000000000000000e+00 4.615384615384615641e-01
1.000000000000000000e+00 5.233644859813083583e-01 1.000000000000000000e+00 4.615384615384615641e-01
1.000000000000000000e+00 5.327102803738317238e-01 1.000000000000000000e+00 4.615384615384615641e-01
1.000000000000000000e+00 5.327102803738317238e-01 1.000000000000000000e+00 4.711538461538461453e-01
1.000000000000000000e+00 5.327102803738317238e-01 1.000000000000000000e+00 4.711538461538461453e-01
1.000000000000000000e+00 5.420560747663550893e-01 1.000000000000000000e+00 4.711538461538461453e-01
1.000000000000000000e+00 5.420560747663550893e-01 1.000000000000000000e+00 4.711538461538461453e-01
1.000000000000000000e+00 5.420560747663550893e-01 1.000000000000000000e+00 4.807692307692307820e-01
1.000000000000000000e+00 5.514018691588784549e-01 1.000000000000000000e+00 4.807692307692307820e-01
1.000000000000000000e+00 5.514018691588784549e-01 1.000000000000000000e+00 4.807692307692307820e-01
1.000000000000000000e+00 5.514018691588784549e-01 1.000000000000000000e+00 4.807692307692307820e-01
1.000000000000000000e+00 5.607476635514018204e-01 1.000000000000000000e+00 4.903846153846153633e-01
1.000000000000000000e+00 5.607476635514018204e-01 1.000000000000000000e+00 4.903846153846153633e-01
1.000000000000000000e+00 5.607476635514018204e-01 1.000000000000000000e+00 4.903846153846153633e-01
1.000000000000000000e+00 5.700934579439251859e-01 1.000000000000000000e+00 4.903846153846153633e-01
1.000000000000000000e+00 5.700934579439251859e-01 1.000000000000000000e+00 5.000000000000000000e-01
1.000000000000000000e+00 5.700934579439251859e-01 1.000000000000000000e+00 5.000000000000000000e-01
1.000000000000000000e+00 5.700934579439251859e-01 1.000000000000000000e+00 5.000000000000000000e-01
1.000000000000000000e+00 5.794392523364485514e-01 1.000000000000000000e+00 5.000000000000000000e-01
1.000000000000000000e+00 5.794392523364485514e-01 1.000000000000000000e+00 5.096153846153845812e-01
1.000000000000000000e+00 5.887850467289719170e-01 1.000000000000000000e+00 5.096153846153845812e-01
1.000000000000000000e+00 5.887850467289719170e-01 1.000000000000000000e+00 5.096153846153845812e-01
1.000000000000000000e+00 5.887850467289719170e-01 1.000000000000000000e+00 5.096153846153845812e-01
1.000000000000000000e+00 5.981308411214952825e-01 1.000000000000000000e+00 5.192307692307692735e-01
1.000000000000000000e+00 5.981308411214952825e-01 1.000000000000000000e+00 5.192307692307692735e-01
1.000000000000000000e+00 5.981308411214952825e-01 1.000000000000000000e+00 5.192307692307692735e-01
1.000000000000000000e+00 6.074766355140186480e-01 1.000000000000000000e+00 5.288461538461538547e-01
1.000000000000000000e+00 6.074766355140186480e-01 1.000000000000000000e+00 5.288461538461538547e-01
1.000000000000000000e+00 6.074766355140186480e-01 1.000000000000000000e+00 5.288461538461538547e-01
1.000000000000000000e+00 6.168224299065420135e-01 1.000000000000000000e+00 5.288461538461538547e-01
1.000000000000000000e+00 6.168224299065420135e-01 1.000000000000000000e+00 5.384615384615384359e-01
1.000000000000000000e+00 6.168224299065420135e-01 1.000000000000000000e+00 5.384615384615384359e-01
1.000000000000000000e+00 6.261682242990653791e-01 1.000000000000000000e+00 5.384615384615384359e-01
1.000000000000000000e+00 6.261682242990653791e-01 1.000000000000000000e+00 5.480769230769231282e-01
1.000000000000000000e+00 6.355140186915887446e-01 1.000000000000000000e+00 5.480769230769231282e-01
1.000000000000000000e+00 6.355140186915887446e-01 1.000000000000000000e+00 5.480769230769231282e-01
1.000000000000000000e+00 6.355140186915887446e-01 1.000000000000000000e+00 5.576923076923077094e-01
1.000000000000000000e+00 6.448598130841121101e-01 1.000000000000000000e+00 5.576923076923077094e-01
1.000000000000000000e+00 6.448598130841121101e-01 1.000000000000000000e+00 5.576923076923077094e-01
1.000000000000000000e+00 6.448598130841121101e-01 1.000000000000000000e+00 5.576923076923077094e-01
1.000000000000000000e+00 6.542056074766354756e-01 1.000000000000000000e+00 5.673076923076922906e-01
1.000000000000000000e+00 6.542056074766354756e-01 1.000000000000000000e+00 5.673076923076922906e-01
1.000000000000000000e+00 6.635514018691588412e-01 1.000000000000000000e+00 5.769230769230768718e-01
1.000000000000000000e+00 6.635514018691588412e-01 1.000000000000000000e+00 5.769230769230768718e-01
1.000000000000000000e+00 6.635514018691588412e-01 1.000000000000000000e+00 5.769230769230768718e-01
1.000000000000000000e+00 6.728971962616822067e-01 1.000000000000000000e+00 5.769230769230768718e-01
1.000000000000000000e+00 6.728971962616822067e-01 1.000000000000000000e+00 5.865384615384615641e-01
1.000000000000000000e+00 6.728971962616822067e-01 1.000000000000000000e+00 5.865384615384615641e-01
1.000000000000000000e+00 6.822429906542055722e-01 1.000000000000000000e+00 5.865384615384615641e-01
1.000000000000000000e+00 6.822429906542055722e-01 1.000000000000000000e+00 5.961538461538461453e-01
1.000000000000000000e+00 6.915887850467289377e-01 1.000000000000000000e+00 5.961538461538461453e-01
1.000000000000000000e+00 6.915887850467289377e-01 1.000000000000000000e+00 6.057692307692307265e-01
1.000000000000000000e+00 6.915887850467289377e-01 1.000000000000000000e+00 6.057692307692307265e-01
1.000000000000000000e+00 7.009345794392523032e-01 1.000000000000000000e+00 6.057692307692307265e-01
1.000000000000000000e+00 7.009345794392523032e-01 1.000000000000000000e+00 6.057692307692307265e-01
1.000000000000000000e+00 7.009345794392523032e-01 1.000000000000000000e+00 6.153846153846154188e-01
1.000000000000000000e+00 7.102803738317756688e-01 1.000000000000000000e+00 6.153846153846154188e-01
1.000000000000000000e+00 7.102803738317756688e-01 1.000000000000000000e+00 6.153846153846154188e-01
1.000000000000000000e+00 7.196261682242990343e-01 1.000000000000000000e+00 6.250000000000000000e-01
1.000000000000000000e+00 7.196261682242990343e-01 1.000000000000000000e+00 6.346153846153845812e-01
1.000000000000000000e+00 7.289719626168223998e-01 1.000000000000000000e+00 6.346153846153845812e-01
1.000000000000000000e+00 7.289719626168223998e-01 1.000000000000000000e+00 6.346153846153845812e-01
1.000000000000000000e+00 7.383177570093457653e-01 1.000000000000000000e+00 6.442307692307692735e-01
1.000000000000000000e+00 7.383177570093457653e-01 1.000000000000000000e+00 6.442307692307692735e-01
1.000000000000000000e+00 7.383177570093457653e-01 1.000000000000000000e+00 6.442307692307692735e-01
1.000000000000000000e+00 7.476635514018691309e-01 1.000000000000000000e+00 6.442307692307692735e-01
1.000000000000000000e+00 7.476635514018691309e-01 1.000000000000000000e+00 6.538461538461538547e-01
1.000000000000000000e+00 7.570093457943924964e-01 1.000000000000000000e+00 6.538461538461538547e-01
1.000000000000000000e+00 7.570093457943924964e-01 1.000000000000000000e+00 6.634615384615384359e-01
1.000000000000000000e+00 7.570093457943924964e-01 1.000000000000000000e+00 6.634615384615384359e-01
1.000000000000000000e+00 7.663551401869158619e-01 1.000000000000000000e+00 6.634615384615384359e-01
1.000000000000000000e+00 7.663551401869158619e-01 1.000000000000000000e+00 6.634615384615384359e-01
1.000000000000000000e+00 7.663551401869158619e-01 1.000000000000000000e+00 6.730769230769231282e-01
1.000000000000000000e+00 7.757009345794392274e-01 1.000000000000000000e+00 6.730769230769231282e-01
1.000000000000000000e+00 7.757009345794392274e-01 1.000000000000000000e+00 6.826923076923077094e-01
1.000000000000000000e+00 7.850467289719625930e-01 1.000000000000000000e+00 6.826923076923077094e-01
1.000000000000000000e+00 7.850467289719625930e-01 1.000000000000000000e+00 6.826923076923077094e-01
1.000000000000000000e+00 7.850467289719625930e-01 1.000000000000000000e+00 6.826923076923077094e-01
1.000000000000000000e+00 7.943925233644859585e-01 1.000000000000000000e+00 6.923076923076922906e-01
1.000000000000000000e+00 7.943925233644859585e-01 1.000000000000000000e+00 6.923076923076922906e-01
1.000000000000000000e+00 7.943925233644859585e-01 1.000000000000000000e+00 6.923076923076922906e-01
1.000000000000000000e+00 8.037383177570093240e-01 1.000000000000000000e+00 7.019230769230768718e-01
1.000000000000000000e+00 8.037383177570093240e-01 1.000000000000000000e+00 7.019230769230768718e-01
1.000000000000000000e+00 8.130841121495326895e-01 1.000000000000000000e+00 7.019230769230768718e-01
1.000000000000000000e+00 8.130841121495326895e-01 1.000000000000000000e+00 7.115384615384615641e-01
1.000000000000000000e+00 8.130841121495326895e-01 1.000000000000000000e+00 7.115384615384615641e-01
1.000000000000000000e+00 8.224299065420560551e-01 1.000000000000000000e+00 7.115384615384615641e-01
1.000000000000000000e+00 8.224299065420560551e-01 1.000000000000000000e+00 7.211538461538461453e-01
1.000000000000000000e+00 8.224299065420560551e-01 1.000000000000000000e+00 7.211538461538461453e-01
1.000000000000000000e+00 8.317757009345794206e-01 1.000000000000000000e+00 7.211538461538461453e-01
1.000000000000000000e+00 8.317757009345794206e-01 1.000000000000000000e+00 7.211538461538461453e-01
1.000000000000000000e+00 8.411214953271027861e-01 1.000000000000000000e+00 7.307692307692307265e-01
1.000000000000000000e+00 8.411214953271027861e-01 1.000000000000000000e+00 7.307692307692307265e-01
1.000000000000000000e+00 8.411214953271027861e-01 1.000000000000000000e+00 7.307692307692307265e-01
1.000000000000000000e+00 8.504672897196261516e-01 1.000000000000000000e+00 7.403846153846154188e-01
1.000000000000000000e+00 8.504672897196261516e-01 1.000000000000000000e+00 7.403846153846154188e-01
1.000000000000000000e+00 8.504672897196261516e-01 1.000000000000000000e+00 7.403846153846154188e-01
1.000000000000000000e+00 8.598130841121495171e-01 1.000000000000000000e+00 7.500000000000000000e-01
1.000000000000000000e+00 8.598130841121495171e-01 1.000000000000000000e+00 7.500000000000000000e-01
1.000000000000000000e+00 8.598130841121495171e-01 1.000000000000000000e+00 7.500000000000000000e-01
1.000000000000000000e+00 8.691588785046728827e-01 1.000000000000000000e+00 7.500000000000000000e-01
1.000000000000000000e+00 8.785046728971962482e-01 1.000000000000000000e+00 7.596153846153845812e-01
1.000000000000000000e+00 8.785046728971962482e-01 1.000000000000000000e+00 7.596153846153845812e-01
1.000000000000000000e+00 8.785046728971962482e-01 1.000000000000000000e+00 7.692307692307692735e-01
1.000000000000000000e+00 8.878504672897196137e-01 1.000000000000000000e+00 7.692307692307692735e-01
1.000000000000000000e+00 8.878504672897196137e-01 1.000000000000000000e+00 7.692307692307692735e-01
1.000000000000000000e+00 8.878504672897196137e-01 1.000000000000000000e+00 7.692307692307692735e-01
1.000000000000000000e+00 8.971962616822429792e-01 1.000000000000000000e+00 7.788461538461538547e-01
1.000000000000000000e+00 8.971962616822429792e-01 1.000000000000000000e+00 7.788461538461538547e-01
1.000000000000000000e+00 8.971962616822429792e-01 1.000000000000000000e+00 7.788461538461538547e-01
1.000000000000000000e+00 9.065420560747663448e-01 1.000000000000000000e+00 7.884615384615384359e-01
1.000000000000000000e+00 9.065420560747663448e-01 1.000000000000000000e+00 7.884615384615384359e-01
1.000000000000000000e+00 9.158878504672897103e-01 1.000000000000000000e+00 7.884615384615384359e-01
1.000000000000000000e+00 9.158878504672897103e-01 1.000000000000000000e+00 7.980769230769231282e-01
1.000000000000000000e+00 9.158878504672897103e-01 1.000000000000000000e+00 7.980769230769231282e-01
1.000000000000000000e+00 9.252336448598130758e-01 1.000000000000000000e+00 7.980769230769231282e-01
1.000000000000000000e+00 9.252336448598130758e-01 1.000000000000000000e+00 7.980769230769231282e-01
1.000000000000000000e+00 9.252336448598130758e-01 1.000000000000000000e+00 8.076923076923077094e-01
1.000000000000000000e+00 9.345794392523364413e-01 1.000000000000000000e+00 8.076923076923077094e-01
1.000000000000000000e+00 9.345794392523364413e-01 1.000000000000000000e+00 8.076923076923077094e-01
1.000000000000000000e+00 9.345794392523364413e-01 1.000000000000000000e+00 8.173076923076922906e-01
1.000000000000000000e+00 9.439252336448598069e-01 1.000000000000000000e+00 8.173076923076922906e-01
1.000000000000000000e+00 9.439252336448598069e-01 1.000000000000000000e+00 8.269230769230768718e-01
1.000000000000000000e+00 9.532710280373831724e-01 1.000000000000000000e+00 8.269230769230768718e-01
1.000000000000000000e+00 9.532710280373831724e-01 1.000000000000000000e+00 8.269230769230768718e-01
1.000000000000000000e+00 9.626168224299065379e-01 1.000000000000000000e+00 8.269230769230768718e-01
1.000000000000000000e+00 9.626168224299065379e-01 1.000000000000000000e+00 8.365384615384615641e-01
1.000000000000000000e+00 9.626168224299065379e-01 1.000000000000000000e+00 8.365384615384615641e-01
1.000000000000000000e+00 9.719626168224299034e-01 1.000000000000000000e+00 8.365384615384615641e-01
1.000000000000000000e+00 9.719626168224299034e-01 1.000000000000000000e+00 8.461538461538461453e-01
1.000000000000000000e+00 9.813084112149532690e-01 1.000000000000000000e+00 8.461538461538461453e-01
1.000000000000000000e+00 9.813084112149532690e-01 1.000000000000000000e+00 8.461538461538461453e-01
1.000000000000000000e+00 9.813084112149532690e-01 1.000000000000000000e+00 8.557692307692307265e-01
1.000000000000000000e+00 9.906542056074766345e-01 1.000000000000000000e+00 8.557692307692307265e-01
1.000000000000000000e+00 9.906542056074766345e-01 1.000000000000000000e+00 8.557692307692307265e-01
1.000000000000000000e+00 9.906542056074766345e-01 1.000000000000000000e+00 8.653846153846154188e-01
1.000000000000000000e+00 1.000000000000000000e+00 1.000000000000000000e+00 8.653846153846154188e-01
1.000000000000000000e+00 1.000000000000000000e+00 1.000000000000000000e+00 8.750000000000000000e-01
1.000000000000000000e+00 1.000000000000000000e+00 1.000000000000000000e+00 8.750000000000000000e-01
1.000000000000000000e+00 1.000000000000000000e+00 1.000000000000000000e+00 8.750000000000000000e-01
1.000000000000000000e+00 1.000000000000000000e+00 1.000000000000000000e+00 8.750000000000000000e-01
1.000000000000000000e+00 1.000000000000000000e+00 1.000000000000000000e+00 8.846153846153845812e-01
1.000000000000000000e+00 1.000000000000000000e+00 1.000000000000000000e+00 8.846153846153845812e-01
1.000000000000000000e+00 1.000000000000000000e+00 1.000000000000000000e+00 8.846153846153845812e-01
1.000000000000000000e+00 1.000000000000000000e+00 1.000000000000000000e+00 8.942307692307692735e-01
1.000000000000000000e+00 1.000000000000000000e+00 1.000000000000000000e+00 8.942307692307692735e-01
1.000000000000000000e+00 1.000000000000000000e+00 1.000000000000000000e+00 8.942307692307692735e-01
1.000000000000000000e+00 1.000000000000000000e+00 1.000000000000000000e+00 9.038461538461538547e-01
1.000000000000000000e+00 1.000000000000000000e+00 1.000000000000000000e+00 9.038461538461538547e-01
1.000000000000000000e+00 1.000000000000000000e+00 1.000000000000000000e+00 9.038461538461538547e-01
1.000000000000000000e+00 1.000000000000000000e+00 1.000000000000000000e+00 9.134615384615384359e-01
1.000000000000000000e+00 1.000000000000000000e+00 1.000000000000000000e+00 9.134615384615384359e-01
1.000000000000000000e+00 1.000000000000000000e+00 1.000000000000000000e+00 9.134615384615384359e-01
1.000000000000000000e+00 1.000000000000000000e+00 1.000000000000000000e+00 9.134615384615384359e-01
1.000000000000000000e+00 1.000000000000000000e+00 1.000000000000000000e+00 9.230769230769231282e-01
1.000000000000000000e+00 1.000000000000000000e+00 1.000000000000000000e+00 9.230769230769231282e-01
1.000000000000000000e+00 1.000000000000000000e+00 1.000000000000000000e+00 9.326923076923077094e-01
1.000000000000000000e+00 1.000000000000000000e+00 1.000000000000000000e+00 9.326923076923077094e-01
1.000000000000000000e+00 1.000000000000000000e+00 1.000000000000000000e+00 9.326923076923077094e-01
1.000000000000000000e+00 1.000000000000000000e+00 1.000000000000000000e+00 9.326923076923077094e-01
1.000000000000000000e+00 1.000000000000000000e+00 1.000000000000000000e+00 9.423076923076922906e-01
1.000000000000000000e+00 1.000000000000000000e+00 1.000000000000000000e+00 9.423076923076922906e-01
1.000000000000000000e+00 1.000000000000000000e+00 1.000000000000000000e+00 9.519230769230768718e-01
1.000000000000000000e+00 1.000000000000000000e+00 1.000000000000000000e+00 9.519230769230768718e-01
1.000000000000000000e+00 1.000000000000000000e+00 1.000000000000000000e+00 9.519230769230768718e-01
1.000000000000000000e+00 1.000000000000000000e+00 1.000000000000000000e+00 9.519230769230768718e-01
1.000000000000000000e+00 1.000000000000000000e+00 1.000000000000000000e+00 9.615384615384615641e-01
1.000000000000000000e+00 1.000000000000000000e+00 1.000000000000000000e+00 9.615384615384615641e-01
1.000000000000000000e+00 1.000000000000000000e+00 1.000000000000000000e+00 9.615384615384615641e-01
1.000000000000000000e+00 1.000000000000000000e+00 1.000000000000000000e+00 9.711538461538461453e-01
1.000000000000000000e+00 1.000000000000000000e+00 1.000000000000000000e+00 9.711538461538461453e-01
1.000000000000000000e+00 1.000000000000000000e+00 1.000000000000000000e+00 9.711538461538461453e-01
1.000000000000000000e+00 1.000000000000000000e+00 1.000000000000000000e+00 9.807692307692307265e-01
1.000000000000000000e+00 1.000000000000000000e+00 1.000000000000000000e+00 9.807692307692307265e-01
1.000000000000000000e+00 1.000000000000000000e+00 1.000000000000000000e+00 9.807692307692307265e-01
1.000000000000000000e+00 1.000000000000000000e+00 1.000000000000000000e+00 9.807692307692307265e-01
1.000000000000000000e+00 1.000000000000000000e+00 1.000000000000000000e+00 9.903846153846154188e-01
1.000000000000000000e+00 1.000000000000000000e+00 1.000000000000000000e+00 9.903846153846154188e-01
1.000000000000000000e+00 1.000000000000000000e+00 1.000000000000000000e+00 1.000000000000000000e+00
1.000000000000000000e+00 1.000000000000000000e+00 1.000000000000000000e+00 1.000000000000000000e+00
1.000000000000000000e+00 1.000000000000000000e+00 1.000000000000000000e+00 1.000000000000000000e+00
1.000000000000000000e+00 1.000000000000000000e+00 1.000000000000000000e+00 1.000000000000000000e+00
