4.813504219055175781e-02 2.000000000000000042e-02
9.762692451477050781e-02 2.000000000000000042e-02
1.534469127655029297e-01 2.000000000000000042e-02
2.049908638000488281e-01 1.000000000000000021e-02
2.574639320373535156e-01 1.000000000000000021e-02
3.075020313262939453e-01 1.000000000000000021e-02
3.554918766021728516e-01 1.000000000000000021e-02
4.048340320587158203e-01 1.000000000000000021e-02
4.538130760192871094e-01 1.000000000000000021e-02
5.008809566497802734e-01 2.000000000000000042e-02
5.482249259948730469e-01 2.000000000000000042e-02
5.958108901977539062e-01 2.000000000000000042e-02
6.522450447082519531e-01 2.000000000000000042e-02
6.979849338531494141e-01 1.000000000000000021e-02
7.460319995880126953e-01 1.000000000000000021e-02
7.937650680541992188e-01 1.000000000000000021e-02
8.426020145416259766e-01 1.000000000000000021e-02
8.950250148773193359e-01 1.000000000000000021e-02
9.481458663940429688e-01 1.000000000000000021e-02
9.994609355926513672e-01 2.000000000000000042e-02
1.052679061889648438e+00 2.000000000000000042e-02
1.100887060165405273e+00 1.000000000000000021e-02
1.148467063903808594e+00 1.000000000000000021e-02
1.196017980575561523e+00 1.000000000000000021e-02
1.245770931243896484e+00 1.000000000000000021e-02
1.295500040054321289e+00 1.000000000000000021e-02
1.343179941177368164e+00 1.000000000000000021e-02
1.394218921661376953e+00 1.000000000000000021e-02
1.442440986633300781e+00 1.000000000000000021e-02
1.490172863006591797e+00 1.000000000000000021e-02
1.539038896560668945e+00 1.000000000000000021e-02
1.586972951889038086e+00 1.000000000000000021e-02
1.639628887176513672e+00 2.000000000000000042e-02
1.689318895339965820e+00 2.000000000000000042e-02
1.742583036422729492e+00 1.000000000000000021e-02
1.787117958068847656e+00 1.000000000000000021e-02
1.834369897842407227e+00 2.000000000000000042e-02
1.890709877014160156e+00 2.000000000000000042e-02
1.938080072402954102e+00 1.000000000000000021e-02
1.985864877700805664e+00 1.000000000000000021e-02
2.035812854766845703e+00 1.000000000000000021e-02
2.088722944259643555e+00 1.000000000000000021e-02
2.136873960494995117e+00 1.000000000000000021e-02
2.189218044281005859e+00 1.000000000000000021e-02
2.240418910980224609e+00 2.000000000000000042e-02
2.288017034530639648e+00 1.000000000000000021e-02
2.336674928665161133e+00 2.000000000000000042e-02
2.394819021224975586e+00 2.000000000000000042e-02
2.447140932083129883e+00 1.000000000000000021e-02
2.496831893920898438e+00 1.000000000000000021e-02
2.547226905822753906e+00 1.000000000000000021e-02
2.597112894058227539e+00 1.000000000000000021e-02
2.645529031753540039e+00 1.000000000000000021e-02
2.693614959716796875e+00 1.000000000000000021e-02
2.747030019760131836e+00 1.000000000000000021e-02
2.793072938919067383e+00 1.000000000000000021e-02
2.841960906982421875e+00 2.000000000000000042e-02
2.898002862930297852e+00 2.000000000000000042e-02
2.950867891311645508e+00 1.000000000000000021e-02
2.999230861663818359e+00 1.000000000000000021e-02
3.047545909881591797e+00 1.000000000000000021e-02
3.094761848449707031e+00 1.000000000000000021e-02
3.142164945602416992e+00 1.000000000000000021e-02
3.195606946945190430e+00 1.000000000000000021e-02
3.246466875076293945e+00 1.000000000000000021e-02
3.294893980026245117e+00 1.000000000000000021e-02
3.344604015350341797e+00 1.000000000000000021e-02
3.395433902740478516e+00 2.000000000000000042e-02
3.445389986038208008e+00 1.000000000000000021e-02
3.495313882827758789e+00 2.000000000000000042e-02
3.546490907669067383e+00 2.000000000000000042e-02
3.600143909454345703e+00 1.000000000000000021e-02
3.651486873626708984e+00 1.000000000000000021e-02
3.703161001205444336e+00 1.000000000000000021e-02
3.752346038818359375e+00 1.000000000000000021e-02
3.802574872970581055e+00 1.000000000000000021e-02
3.853986024856567383e+00 1.000000000000000021e-02
3.903639078140258789e+00 1.000000000000000021e-02
3.953603029251098633e+00 2.000000000000000042e-02
4.005107879638671875e+00 2.000000000000000042e-02
4.061063051223754883e+00 2.000000000000000042e-02
4.110422849655151367e+00 1.000000000000000021e-02
4.160284996032714844e+00 1.000000000000000021e-02
4.207839012145996094e+00 1.000000000000000021e-02
4.258764028549194336e+00 1.000000000000000021e-02
4.308801889419555664e+00 1.000000000000000021e-02
4.358232975006103516e+00 1.000000000000000021e-02
4.409119844436645508e+00 1.000000000000000021e-02
4.457506895065307617e+00 1.000000000000000021e-02
4.511535882949829102e+00 1.000000000000000021e-02
4.563230037689208984e+00 2.000000000000000042e-02
4.616224050521850586e+00 1.000000000000000021e-02
4.664377927780151367e+00 1.000000000000000021e-02
4.715932846069335938e+00 1.000000000000000021e-02
4.765159845352172852e+00 1.000000000000000021e-02
4.813358068466186523e+00 1.000000000000000021e-02
4.865831851959228516e+00 1.000000000000000021e-02
4.918016910552978516e+00 1.000000000000000021e-02
4.965887069702148438e+00 1.000000000000000021e-02
5.013864994049072266e+00 1.000000000000000021e-02
5.063677072525024414e+00 2.000000000000000042e-02
5.119133949279785156e+00 2.000000000000000042e-02
5.175124883651733398e+00 1.000000000000000021e-02
5.224514961242675781e+00 1.000000000000000021e-02
5.274049043655395508e+00 1.000000000000000021e-02
5.325496912002563477e+00 1.000000000000000021e-02
5.378330945968627930e+00 1.000000000000000021e-02
5.429206848144531250e+00 1.000000000000000021e-02
5.479714870452880859e+00 1.000000000000000021e-02
5.532818078994750977e+00 2.000000000000000042e-02
5.586524963378906250e+00 1.000000000000000021e-02
5.636210918426513672e+00 1.000000000000000021e-02
5.684133052825927734e+00 1.000000000000000021e-02
5.733078956604003906e+00 1.000000000000000021e-02
5.781882047653198242e+00 1.000000000000000021e-02
5.835177898406982422e+00 1.000000000000000021e-02
5.887251853942871094e+00 1.000000000000000021e-02
5.936203956604003906e+00 1.000000000000000021e-02
5.992990970611572266e+00 1.000000000000000021e-02
6.043516874313354492e+00 1.000000000000000021e-02
6.094271898269653320e+00 1.000000000000000021e-02
6.146084070205688477e+00 1.000000000000000021e-02
6.197540998458862305e+00 1.000000000000000021e-02
6.246964931488037109e+00 1.000000000000000021e-02
6.294476985931396484e+00 1.000000000000000021e-02
6.345413923263549805e+00 2.000000000000000042e-02
6.404850959777832031e+00 2.000000000000000042e-02
6.455911874771118164e+00 1.000000000000000021e-02
6.505213022232055664e+00 1.000000000000000021e-02
6.560688018798828125e+00 1.000000000000000021e-02
6.612743854522705078e+00 1.000000000000000021e-02
6.663564920425415039e+00 1.000000000000000021e-02
6.712846994400024414e+00 2.000000000000000042e-02
6.775650978088378906e+00 2.000000000000000042e-02
6.824154853820800781e+00 1.000000000000000021e-02
6.874979972839355469e+00 1.000000000000000021e-02
6.925649881362915039e+00 1.000000000000000021e-02
6.976055860519409180e+00 1.000000000000000021e-02
7.026710033416748047e+00 1.000000000000000021e-02
7.078377962112426758e+00 1.000000000000000021e-02
7.133482933044433594e+00 2.000000000000000042e-02
7.183579921722412109e+00 2.000000000000000042e-02
7.236943006515502930e+00 2.000000000000000042e-02
7.287420988082885742e+00 1.000000000000000021e-02
7.339616060256958008e+00 1.000000000000000021e-02
7.389468908309936523e+00 1.000000000000000021e-02
7.440564870834350586e+00 1.000000000000000021e-02
7.491132974624633789e+00 1.000000000000000021e-02
7.543467998504638672e+00 2.000000000000000042e-02
7.601728916168212891e+00 2.000000000000000042e-02
7.694315910339355469e+00 1.000000000000000021e-02
7.890686035156250000e+00 1.000000000000000021e-02
8.094989061355590820e+00 2.000000000000000111e-01
8.315334081649780273e+00 2.200000000000000011e-01
8.532469987869262695e+00 2.200000000000000011e-01
8.806643009185791016e+00 2.700000000000000178e-01
9.025631904602050781e+00 2.200000000000000011e-01
9.234749078750610352e+00 2.099999999999999922e-01
9.452455997467041016e+00 2.099999999999999922e-01
9.652113914489746094e+00 2.000000000000000111e-01
9.844542980194091797e+00 1.900000000000000022e-01
1.003845906257629395e+01 1.900000000000000022e-01
1.023225998878479004e+01 1.900000000000000022e-01
1.041743993759155273e+01 1.799999999999999933e-01
1.060338902473449707e+01 1.900000000000000022e-01
1.078656291961669922e+01 1.799999999999999933e-01
1.097820901870727539e+01 1.900000000000000022e-01
1.116413593292236328e+01 1.900000000000000022e-01
1.135589098930358887e+01 1.900000000000000022e-01
1.153844094276428223e+01 1.799999999999999933e-01
1.172392106056213379e+01 1.799999999999999933e-01
1.191064906120300293e+01 1.900000000000000022e-01
1.207900404930114746e+01 1.700000000000000122e-01
1.223823094367980957e+01 1.600000000000000033e-01
1.239109587669372559e+01 1.499999999999999944e-01
1.255300998687744141e+01 1.600000000000000033e-01
1.270910191535949707e+01 1.600000000000000033e-01
1.286837005615234375e+01 1.600000000000000033e-01
1.302332592010498047e+01 1.499999999999999944e-01
1.317696094512939453e+01 1.499999999999999944e-01
1.333879089355468750e+01 1.600000000000000033e-01
1.349018192291259766e+01 1.499999999999999944e-01
1.363818001747131348e+01 1.499999999999999944e-01
1.379863786697387695e+01 1.600000000000000033e-01
1.394674801826477051e+01 1.499999999999999944e-01
1.407861995697021484e+01 1.300000000000000044e-01
1.420102286338806152e+01 1.199999999999999956e-01
1.432797193527221680e+01 1.300000000000000044e-01
1.446264100074768066e+01 1.300000000000000044e-01
1.457117390632629395e+01 5.000000000000000278e-02
1.467463207244873047e+01 5.000000000000000278e-02
1.477807593345642090e+01 5.000000000000000278e-02
1.488685393333435059e+01 5.000000000000000278e-02
1.498827099800109863e+01 5.000000000000000278e-02
1.509099793434143066e+01 5.000000000000000278e-02
1.519180893898010254e+01 5.000000000000000278e-02
1.529886198043823242e+01 5.000000000000000278e-02
1.540185999870300293e+01 5.000000000000000278e-02
1.550192999839782715e+01 5.000000000000000278e-02
1.560167098045349121e+01 5.000000000000000278e-02
1.570818305015563965e+01 5.000000000000000278e-02
1.581420707702636719e+01 5.000000000000000278e-02
1.591286802291870117e+01 5.000000000000000278e-02
1.599086189270019531e+01 1.000000000000000021e-02
1.606969690322875977e+01 1.000000000000000021e-02
1.614475107192993164e+01 1.000000000000000021e-02
1.622516798973083496e+01 1.000000000000000021e-02
1.630216097831726074e+01 1.000000000000000021e-02
1.638681006431579590e+01 1.000000000000000021e-02
1.646332597732543945e+01 2.000000000000000042e-02
1.653836989402770996e+01 1.000000000000000021e-02
1.661398696899414062e+01 1.000000000000000021e-02
1.669351887702941895e+01 2.000000000000000042e-02
1.674579095840454102e+01 1.000000000000000021e-02
1.679654002189636230e+01 2.000000000000000042e-02
1.684619998931884766e+01 1.000000000000000021e-02
1.690168499946594238e+01 2.000000000000000042e-02
1.695767307281494141e+01 1.000000000000000021e-02
1.701035094261169434e+01 1.000000000000000021e-02
1.706189107894897461e+01 1.000000000000000021e-02
1.711536288261413574e+01 1.000000000000000021e-02
1.716842794418334961e+01 2.000000000000000042e-02
1.722574090957641602e+01 2.000000000000000042e-02
1.727687907218933105e+01 1.000000000000000021e-02
1.732552194595336914e+01 1.000000000000000021e-02
1.737505292892456055e+01 1.000000000000000021e-02
1.742653489112854004e+01 1.000000000000000021e-02
1.747711586952209473e+01 1.000000000000000021e-02
1.752666401863098145e+01 1.000000000000000021e-02
1.757640695571899414e+01 1.000000000000000021e-02
1.762860894203186035e+01 1.000000000000000021e-02
1.768811202049255371e+01 2.000000000000000042e-02
1.774024987220764160e+01 1.000000000000000021e-02
1.779291391372680664e+01 1.000000000000000021e-02
1.784386301040649414e+01 1.000000000000000021e-02
1.789338493347167969e+01 1.000000000000000021e-02
1.794565486907958984e+01 1.000000000000000021e-02
1.799479293823242188e+01 1.000000000000000021e-02
1.804430294036865234e+01 1.000000000000000021e-02
1.809689092636108398e+01 1.000000000000000021e-02
1.814790987968444824e+01 1.000000000000000021e-02
1.819836091995239258e+01 1.000000000000000021e-02
1.825136899948120117e+01 2.000000000000000042e-02
1.830577898025512695e+01 1.000000000000000021e-02
1.835694599151611328e+01 1.000000000000000021e-02
1.841026592254638672e+01 1.000000000000000021e-02
1.845758295059204102e+01 1.000000000000000021e-02
1.850737094879150391e+01 1.000000000000000021e-02
1.856151103973388672e+01 1.000000000000000021e-02
1.861394786834716797e+01 1.000000000000000021e-02
1.866752791404724121e+01 1.000000000000000021e-02
1.871877789497375488e+01 2.000000000000000042e-02
1.877230405807495117e+01 1.000000000000000021e-02
1.882756304740905762e+01 1.000000000000000021e-02
1.887914586067199707e+01 1.000000000000000021e-02
1.893488907814025879e+01 1.000000000000000021e-02
1.899190807342529297e+01 1.000000000000000021e-02
1.904116606712341309e+01 2.000000000000000042e-02
1.910485506057739258e+01 2.000000000000000042e-02
1.915358901023864746e+01 1.000000000000000021e-02
1.920301795005798340e+01 1.000000000000000021e-02
1.925270199775695801e+01 1.000000000000000021e-02
1.930456089973449707e+01 1.000000000000000021e-02
1.935849690437316895e+01 1.000000000000000021e-02
1.940665698051452637e+01 2.000000000000000042e-02
1.946149706840515137e+01 2.000000000000000042e-02
1.951188397407531738e+01 1.000000000000000021e-02
1.956548190116882324e+01 1.000000000000000021e-02
1.961609292030334473e+01 1.000000000000000021e-02
1.966458296775817871e+01 1.000000000000000021e-02
1.971395397186279297e+01 1.000000000000000021e-02
1.976809501647949219e+01 1.000000000000000021e-02
1.981771898269653320e+01 2.000000000000000042e-02
1.986988401412963867e+01 2.000000000000000042e-02
1.992504692077636719e+01 2.000000000000000042e-02
1.997750306129455566e+01 1.000000000000000021e-02
2.003053903579711914e+01 1.000000000000000021e-02
2.008265304565429688e+01 1.000000000000000021e-02
2.013357186317443848e+01 1.000000000000000021e-02
2.018198990821838379e+01 1.000000000000000021e-02
2.023478198051452637e+01 1.000000000000000021e-02
2.028366494178771973e+01 2.000000000000000042e-02
2.033289289474487305e+01 2.000000000000000042e-02
2.039023303985595703e+01 2.000000000000000042e-02
2.043969297409057617e+01 1.000000000000000021e-02
2.048852586746215820e+01 1.000000000000000021e-02
2.053951907157897949e+01 1.000000000000000021e-02
2.058942985534667969e+01 1.000000000000000021e-02
2.063813400268554688e+01 1.000000000000000021e-02
2.068686699867248535e+01 1.000000000000000021e-02
2.073776507377624512e+01 1.000000000000000021e-02
2.078689694404602051e+01 2.000000000000000042e-02
2.084967803955078125e+01 2.000000000000000042e-02
2.090330600738525391e+01 1.000000000000000021e-02
2.095295190811157227e+01 1.000000000000000021e-02
2.100094199180603027e+01 1.000000000000000021e-02
2.105262207984924316e+01 1.000000000000000021e-02
2.110127496719360352e+01 1.000000000000000021e-02
2.115358996391296387e+01 1.000000000000000021e-02
2.120913791656494141e+01 2.000000000000000042e-02
2.126142597198486328e+01 1.000000000000000021e-02
2.131094598770141602e+01 1.000000000000000021e-02
2.136240696907043457e+01 1.000000000000000021e-02
2.141245198249816895e+01 1.000000000000000021e-02
2.146448898315429688e+01 1.000000000000000021e-02
2.151590299606323242e+01 1.000000000000000021e-02
2.156443190574645996e+01 2.000000000000000042e-02
2.161309790611267090e+01 2.000000000000000042e-02
2.166573095321655273e+01 2.000000000000000042e-02
2.172305703163146973e+01 2.000000000000000042e-02
2.177823400497436523e+01 1.000000000000000021e-02
2.182736897468566895e+01 1.000000000000000021e-02
2.188058686256408691e+01 1.000000000000000021e-02
2.193076705932617188e+01 1.000000000000000021e-02
2.197968101501464844e+01 1.000000000000000021e-02
2.203215193748474121e+01 2.000000000000000042e-02
2.208894491195678711e+01 2.000000000000000042e-02
2.214150404930114746e+01 1.000000000000000021e-02
2.219130396842956543e+01 1.000000000000000021e-02
2.224687504768371582e+01 1.000000000000000021e-02
2.229675507545471191e+01 1.000000000000000021e-02
2.234586906433105469e+01 1.000000000000000021e-02
2.239647793769836426e+01 1.000000000000000021e-02
2.244636893272399902e+01 2.000000000000000042e-02
2.250174903869628906e+01 2.000000000000000042e-02
2.255407691001892090e+01 1.000000000000000021e-02
2.260677695274353027e+01 1.000000000000000021e-02
2.265757393836975098e+01 1.000000000000000021e-02
2.270834493637084961e+01 1.000000000000000021e-02
2.276044487953186035e+01 1.000000000000000021e-02
2.281381201744079590e+01 1.000000000000000021e-02
2.286596393585205078e+01 2.000000000000000042e-02
2.292213392257690430e+01 2.000000000000000042e-02
2.297745203971862793e+01 1.000000000000000021e-02
2.302976202964782715e+01 1.000000000000000021e-02
2.308189606666564941e+01 1.000000000000000021e-02
2.313483095169067383e+01 1.000000000000000021e-02
2.318610906600952148e+01 1.000000000000000021e-02
2.324217700958251953e+01 2.000000000000000042e-02
2.328982901573181152e+01 1.000000000000000021e-02
2.334113192558288574e+01 1.000000000000000021e-02
2.339411187171936035e+01 1.000000000000000021e-02
2.344583296775817871e+01 1.000000000000000021e-02
2.349969601631164551e+01 1.000000000000000021e-02
2.354887795448303223e+01 1.000000000000000021e-02
2.360077190399169922e+01 1.000000000000000021e-02
2.365236997604370117e+01 2.000000000000000042e-02
2.371003293991088867e+01 2.000000000000000042e-02
2.376151490211486816e+01 1.000000000000000021e-02
2.381459903717041016e+01 1.000000000000000021e-02
2.386526989936828613e+01 1.000000000000000021e-02
2.391463685035705566e+01 1.000000000000000021e-02
2.396568894386291504e+01 1.000000000000000021e-02
2.401437687873840332e+01 1.000000000000000021e-02
2.406645989418029785e+01 1.000000000000000021e-02
2.412678289413452148e+01 2.000000000000000042e-02
2.417627286911010742e+01 1.000000000000000021e-02
2.422901391983032227e+01 1.000000000000000021e-02
2.428041696548461914e+01 1.000000000000000021e-02
2.432938694953918457e+01 1.000000000000000021e-02
2.438104104995727539e+01 1.000000000000000021e-02
2.443123507499694824e+01 2.000000000000000042e-02
2.448126602172851562e+01 1.000000000000000021e-02
2.453200292587280273e+01 2.000000000000000042e-02
2.459066486358642578e+01 2.000000000000000042e-02
2.469203305244445801e+01 1.000000000000000021e-02
2.474263000488281250e+01 1.000000000000000021e-02
2.479519701004028320e+01 1.000000000000000021e-02
2.484784793853759766e+01 1.000000000000000021e-02
2.490057992935180664e+01 1.000000000000000021e-02
2.494910097122192383e+01 2.000000000000000042e-02
2.499945688247680664e+01 2.000000000000000042e-02
2.505355691909790039e+01 2.000000000000000042e-02
2.510559391975402832e+01 1.000000000000000021e-02
2.515556287765502930e+01 1.000000000000000021e-02
2.520559406280517578e+01 1.000000000000000021e-02
2.526556587219238281e+01 1.000000000000000021e-02
2.531479501724243164e+01 1.000000000000000021e-02
2.536460185050964355e+01 2.000000000000000042e-02
2.541899394989013672e+01 2.000000000000000042e-02
2.546916007995605469e+01 1.000000000000000021e-02
2.552067399024963379e+01 1.000000000000000021e-02
2.557234692573547363e+01 1.000000000000000021e-02
2.562180685997009277e+01 1.000000000000000021e-02
2.567823004722595215e+01 1.000000000000000021e-02
2.572869205474853516e+01 1.000000000000000021e-02
2.578177189826965332e+01 2.000000000000000042e-02
2.583205294609069824e+01 2.000000000000000042e-02
2.588257598876953125e+01 2.000000000000000042e-02
2.593846988677978516e+01 1.000000000000000021e-02
2.598757386207580566e+01 1.000000000000000021e-02
2.603844094276428223e+01 1.000000000000000021e-02
2.608853101730346680e+01 1.000000000000000021e-02
2.614177489280700684e+01 1.000000000000000021e-02
2.619337701797485352e+01 1.000000000000000021e-02
2.624244284629821777e+01 1.000000000000000021e-02
2.629792690277099609e+01 2.000000000000000042e-02
2.635197591781616211e+01 2.000000000000000042e-02
2.640123605728149414e+01 1.000000000000000021e-02
2.645290589332580566e+01 1.000000000000000021e-02
2.650416088104248047e+01 1.000000000000000021e-02
2.655649685859680176e+01 1.000000000000000021e-02
2.660561800003051758e+01 1.000000000000000021e-02
2.665811705589294434e+01 1.000000000000000021e-02
2.670908689498901367e+01 2.000000000000000042e-02
2.675686407089233398e+01 1.000000000000000021e-02
2.680634784698486328e+01 2.000000000000000042e-02
2.686125302314758301e+01 2.000000000000000042e-02
2.691394805908203125e+01 1.000000000000000021e-02
2.696322894096374512e+01 1.000000000000000021e-02
2.701305484771728516e+01 1.000000000000000021e-02
2.706253790855407715e+01 1.000000000000000021e-02
2.711953806877136230e+01 1.000000000000000021e-02
2.717076492309570312e+01 1.000000000000000021e-02
2.721953606605529785e+01 1.000000000000000021e-02
2.726905393600463867e+01 1.000000000000000021e-02
2.731827807426452637e+01 1.000000000000000021e-02
2.736937999725341797e+01 2.000000000000000042e-02
2.742910099029541016e+01 1.000000000000000021e-02
2.747760796546936035e+01 1.000000000000000021e-02
2.752983498573303223e+01 1.000000000000000021e-02
2.758280587196350098e+01 1.000000000000000021e-02
2.763275790214538574e+01 1.000000000000000021e-02
2.768236589431762695e+01 1.000000000000000021e-02
2.773360896110534668e+01 1.000000000000000021e-02
2.778669404983520508e+01 1.000000000000000021e-02
2.783609700202941895e+01 1.000000000000000021e-02
2.788583087921142578e+01 2.000000000000000042e-02
2.794045400619506836e+01 2.000000000000000042e-02
2.799078202247619629e+01 1.000000000000000021e-02
2.804007291793823242e+01 1.000000000000000021e-02
2.808956694602966309e+01 1.000000000000000021e-02
2.814184093475341797e+01 1.000000000000000021e-02
2.819576287269592285e+01 1.000000000000000021e-02
2.824564194679260254e+01 1.000000000000000021e-02
2.830092406272888184e+01 2.000000000000000042e-02
2.835061788558959961e+01 1.000000000000000021e-02
2.840124201774597168e+01 1.000000000000000021e-02
2.845095205307006836e+01 1.000000000000000021e-02
2.851056194305419922e+01 1.000000000000000021e-02
2.855983686447143555e+01 2.000000000000000042e-02
2.860922098159790039e+01 2.000000000000000042e-02
2.865867090225219727e+01 2.000000000000000042e-02
2.871264600753784180e+01 1.000000000000000021e-02
2.876347804069519043e+01 1.000000000000000021e-02
2.881683397293090820e+01 1.000000000000000021e-02
2.886466693878173828e+01 1.000000000000000021e-02
2.891419506072998047e+01 1.000000000000000021e-02
2.896402001380920410e+01 1.000000000000000021e-02
2.901284885406494141e+01 2.000000000000000042e-02
2.906261086463928223e+01 2.000000000000000042e-02
2.911630487442016602e+01 1.000000000000000021e-02
2.916476702690124512e+01 1.000000000000000021e-02
2.921421003341674805e+01 1.000000000000000021e-02
2.926433491706848145e+01 1.000000000000000021e-02
2.931322002410888672e+01 1.000000000000000021e-02
2.936433506011962891e+01 1.000000000000000021e-02
2.941428089141845703e+01 2.000000000000000042e-02
2.946401405334472656e+01 2.000000000000000042e-02
2.951247406005859375e+01 2.000000000000000042e-02
2.956551194190979004e+01 1.000000000000000021e-02
2.961777091026306152e+01 1.000000000000000021e-02
2.966875505447387695e+01 1.000000000000000021e-02
2.971864104270935059e+01 1.000000000000000021e-02
2.977499008178710938e+01 1.000000000000000021e-02
2.982449698448181152e+01 2.000000000000000042e-02
2.987370204925537109e+01 2.000000000000000042e-02
2.992658805847167969e+01 2.000000000000000042e-02
2.997669601440429688e+01 1.000000000000000021e-02
3.002667093276977539e+01 1.000000000000000021e-02
3.007798504829406738e+01 1.000000000000000021e-02
3.012651801109313965e+01 1.000000000000000021e-02
3.017450690269470215e+01 1.000000000000000021e-02
3.022223687171936035e+01 1.000000000000000021e-02
3.027296185493469238e+01 1.000000000000000021e-02
3.032126998901367188e+01 1.000000000000000021e-02
3.036802697181701660e+01 1.000000000000000021e-02
3.042272591590881348e+01 1.000000000000000021e-02
3.047166705131530762e+01 1.000000000000000021e-02
3.051796197891235352e+01 1.000000000000000021e-02
3.056394505500793457e+01 1.000000000000000021e-02
3.061184287071228027e+01 2.000000000000000042e-02
3.066100597381591797e+01 2.000000000000000042e-02
3.071940708160400391e+01 2.000000000000000042e-02
3.076685285568237305e+01 1.000000000000000021e-02
3.081772089004516602e+01 1.000000000000000021e-02
3.086873698234558105e+01 1.000000000000000021e-02
3.091877388954162598e+01 1.000000000000000021e-02
