4.813504219055175781e-02 5.023775946667357467e-02 2.377594666735749582e-04 5.000000000000000278e-02
9.762692451477050781e-02 2.498275590145087807e-02 2.382452508161124200e-04 2.474451065063476562e-02
1.534469127655029297e-01 3.321780532519052337e-02 5.307334362666106704e-03 2.791047096252441753e-02
2.049908638000488281e-01 3.432406235681456641e-02 8.552563676699822051e-03 2.577149868011474609e-02
2.574639320373535156e-01 3.833674229212005041e-02 1.210020817346770493e-02 2.623653411865234375e-02
3.075020313262939453e-01 3.878254268491419798e-02 1.376361224973353045e-02 2.501893043518066753e-02
3.554918766021728516e-01 3.370759196363853905e-02 9.712073279251332014e-03 2.399551868438720703e-02
4.048340320587158203e-01 3.722873003655362278e-02 1.255872519188809891e-02 2.467000484466552387e-02
4.538130760192871094e-01 4.035943691049802273e-02 1.586848441873776883e-02 2.449095249176025391e-02
5.008809566497802734e-01 4.132883681794520536e-02 1.779573096772547533e-02 2.353310585021973003e-02
5.482249259948730469e-01 4.637235646046586335e-02 2.269989495076127003e-02 2.367246150970459331e-02
5.958108901977539062e-01 4.849806491408822917e-02 2.470508281264780295e-02 2.379298210144042622e-02
6.522450447082519531e-01 5.640134721962157538e-02 2.818486601082030585e-02 2.821648120880126953e-02
6.979849338531494141e-01 5.038325733774105808e-02 2.751271671884457370e-02 2.287054061889648438e-02
7.460319995880126953e-01 5.292203616550243683e-02 2.889909934451854664e-02 2.402293682098389019e-02
7.937650680541992188e-01 5.445590331557687708e-02 3.058936908248361536e-02 2.386653423309326172e-02
8.426020145416259766e-01 5.683791734918058197e-02 3.241884805901944916e-02 2.441906929016113281e-02
8.950250148773193359e-01 6.149244040805901257e-02 3.528153628666008679e-02 2.621090412139892578e-02
9.481458663940429688e-01 6.452177426367389224e-02 3.796075245886431498e-02 2.656102180480957725e-02
9.994609355926513672e-01 6.829733810620863821e-02 4.263884983258803968e-02 2.565848827362059853e-02
1.052679061889648438e+00 7.777915697813492235e-02 5.117212038755874354e-02 2.660703659057617881e-02
1.100887060165405273e+00 7.798628484016290052e-02 5.388073598152031546e-02 2.410554885864258506e-02
1.148467063903808594e+00 8.199110299715739458e-02 5.820169717440348833e-02 2.378940582275390625e-02
1.196017980575561523e+00 8.655568036870218973e-02 6.278010282353617411e-02 2.377557754516601562e-02
1.245770931243896484e+00 8.839608608913711307e-02 6.352008759212783573e-02 2.487599849700927734e-02
1.295500040054321289e+00 8.927477518756314623e-02 6.441033999164029467e-02 2.486443519592285156e-02
1.343179941177368164e+00 8.794267138607433920e-02 6.410260161526135092e-02 2.384006977081298828e-02
1.394218921661376953e+00 9.189812927902211992e-02 6.637768536270131914e-02 2.552044391632080078e-02
1.442440986633300781e+00 9.200219141174380277e-02 6.789270864654604887e-02 2.410948276519775391e-02
1.490172863006591797e+00 9.597459754482497163e-02 7.210758647457350679e-02 2.386701107025146484e-02
1.539038896560668945e+00 1.018948904640081393e-01 7.746187368696956510e-02 2.443301677703857422e-02
1.586972951889038086e+00 1.050817436121008197e-01 8.111519278507445252e-02 2.396655082702636719e-02
1.639628887176513672e+00 1.108982628745888710e-01 8.456981839369287490e-02 2.632844448089599609e-02
1.689318895339965820e+00 1.114523728418359005e-01 8.660784559726802945e-02 2.484452724456787109e-02
1.742583036422729492e+00 1.141431984239249381e-01 8.751017420822669590e-02 2.663302421569824219e-02
1.787117958068847656e+00 1.095964969547608969e-01 8.732998980601822114e-02 2.226650714874267578e-02
1.834369897842407227e+00 1.137610753156986371e-01 9.013510542891885191e-02 2.362596988677978516e-02
1.890709877014160156e+00 1.261211222885160743e-01 9.795113270263960947e-02 2.816998958587646484e-02
1.938080072402954102e+00 1.253763076455964298e-01 1.016908523233307909e-01 2.368545532226563888e-02
1.985864877700805664e+00 1.281076661850378273e-01 1.042156211639806984e-01 2.389204502105712891e-02
2.035812854766845703e+00 1.294247521926662481e-01 1.044502868224880254e-01 2.497446537017822266e-02
2.088722944259643555e+00 1.315759181190947757e-01 1.051213502098540531e-01 2.645456790924072266e-02
2.136873960494995117e+00 1.343099221709969371e-01 1.102344140533211558e-01 2.407550811767578125e-02
2.189218044281005859e+00 1.395217210551758513e-01 1.133493215343018418e-01 2.617239952087400956e-02
2.240418910980224609e+00 1.429849078706391663e-01 1.173848321488984436e-01 2.560007572174072266e-02
2.288017034530639648e+00 1.434155330304354992e-01 1.196165904645175304e-01 2.379894256591796875e-02
2.336674928665161133e+00 1.410502855221895668e-01 1.167207424084810846e-01 2.432954311370848222e-02
2.394819021224975586e+00 1.564946132964734615e-01 1.274225670165662350e-01 2.907204627990722656e-02
2.447140932083129883e+00 1.538457856486688535e-01 1.276848302195917051e-01 2.616095542907714844e-02
2.496831893920898438e+00 1.565217496364696703e-01 1.316767455547435961e-01 2.484500408172607422e-02
2.547226905822753906e+00 1.589591142641216537e-01 1.337616083131939193e-01 2.519750595092773438e-02
2.597112894058227539e+00 1.595218627341340178e-01 1.345783917792389983e-01 2.494347095489501953e-02
2.645529031753540039e+00 1.617317271057101546e-01 1.375237774673434554e-01 2.420794963836669922e-02
2.693614959716796875e+00 1.656657824486042763e-01 1.416226992576863075e-01 2.404308319091796875e-02
2.747030019760131836e+00 1.718364675736211156e-01 1.451295335984013890e-01 2.670693397521972656e-02
2.793072938919067383e+00 1.663665261165638010e-01 1.433449473278064767e-01 2.302157878875732422e-02
2.841960906982421875e+00 1.737763003161223729e-01 1.493318394472869237e-01 2.444446086883544922e-02
2.898002862930297852e+00 1.843196570825223479e-01 1.562986791085843596e-01 2.802097797393798828e-02
2.950867891311645508e+00 1.802064201434740165e-01 1.537743827899583915e-01 2.643203735351562500e-02
2.999230861663818359e+00 1.841314315719092265e-01 1.599499463958228007e-01 2.418148517608642578e-02
3.047545909881591797e+00 1.866850195202864049e-01 1.625270185742414830e-01 2.415800094604492188e-02
3.094761848449707031e+00 1.903246058431886101e-01 1.667171133962891960e-01 2.360749244689941406e-02
3.142164945602416992e+00 1.895157569986852530e-01 1.658142084223302726e-01 2.370154857635498047e-02
3.195606946945190430e+00 1.965629007364158576e-01 1.698409463907127326e-01 2.672195434570312500e-02
3.246466875076293945e+00 1.966806569997188170e-01 1.712516466084834654e-01 2.542901039123535156e-02
3.294893980026245117e+00 2.012559669445043997e-01 1.770424144695288138e-01 2.421355247497558594e-02
3.344604015350341797e+00 2.001011451729554080e-01 1.752451738365906619e-01 2.485597133636474609e-02
3.395433902740478516e+00 2.028379515702600777e-01 1.774234847123499215e-01 2.541446685791015625e-02
3.445389986038208008e+00 2.086384642764041453e-01 1.836610186739871531e-01 2.497744560241699219e-02
3.495313882827758789e+00 2.091893881594231452e-01 1.842273205553582038e-01 2.496206760406494141e-02
3.546490907669067383e+00 2.114490498795951468e-01 1.858600606217826468e-01 2.558898925781250000e-02
3.600143909454345703e+00 2.172959638897393464e-01 1.904704166714165925e-01 2.682554721832275391e-02
3.651486873626708984e+00 2.227588828070387883e-01 1.970864470465407414e-01 2.567243576049804688e-02
3.703161001205444336e+00 2.242399125768574919e-01 1.984028487874898161e-01 2.583706378936767578e-02
3.752346038818359375e+00 2.282086936963137469e-01 2.036172477734621844e-01 2.459144592285156250e-02
3.802574872970581055e+00 2.289103997479123020e-01 2.037944329510373020e-01 2.511596679687500000e-02
3.853986024856567383e+00 2.316652760860022642e-01 2.059607730266150571e-01 2.570450305938720703e-02
3.903639078140258789e+00 2.326242942002454406e-01 2.077972907212415343e-01 2.482700347900390625e-02
3.953603029251098633e+00 2.371662065928626661e-01 2.121851847117591505e-01 2.498102188110351562e-02
4.005107879638671875e+00 2.407562586606909472e-01 2.150032374204565722e-01 2.575302124023437500e-02
4.061063051223754883e+00 2.441271639334265386e-01 2.160751915442053472e-01 2.805197238922119141e-02
4.110422849655151367e+00 2.483640534609729833e-01 2.237585408419544286e-01 2.460551261901855469e-02
4.160284996032714844e+00 2.484381769282167085e-01 2.235076997858827241e-01 2.493047714233398438e-02
4.207839012145996094e+00 2.478006167830268947e-01 2.240220590056221095e-01 2.377855777740478516e-02
4.258764028549194336e+00 2.578559385892435496e-01 2.323945032712503855e-01 2.546143531799316406e-02
4.308801889419555664e+00 2.563459842354761098e-01 2.313269345910058949e-01 2.501904964447021484e-02
4.358232975006103516e+00 2.579006428370362869e-01 2.331856960902101150e-01 2.471494674682617188e-02
4.409119844436645508e+00 2.611645793143443361e-01 2.357200717154674108e-01 2.544450759887692537e-02
4.457506895065307617e+00 2.588704964638874895e-01 2.346774479867146102e-01 2.419304847717287932e-02
4.511535882949829102e+00 2.711443399142329236e-01 2.441288922976558029e-01 2.701544761657712068e-02
4.563230037689208984e+00 2.702785156224267182e-01 2.444325111363427339e-01 2.584600448608398438e-02
4.616224050521850586e+00 2.727710551087751956e-01 2.462740486924543670e-01 2.649700641632082854e-02
4.664377927780151367e+00 2.691367665726643876e-01 2.450597087342244740e-01 2.407705783843991365e-02
4.715932846069335938e+00 2.817783589593825799e-01 2.560008998147902948e-01 2.577745914459228516e-02
4.765159845352172852e+00 2.797954578600981845e-01 2.551814813815215244e-01 2.461397647857666016e-02
4.813358068466186523e+00 2.818813761990699440e-01 2.577828606885108620e-01 2.409851551055908203e-02
4.865831851959228516e+00 2.876151778323917108e-01 2.613781668765811639e-01 2.623701095581054688e-02
4.918016910552978516e+00 2.878899214261921302e-01 2.617969152921589271e-01 2.609300613403320312e-02
4.965887069702148438e+00 2.903876285648214761e-01 2.664526681995260660e-01 2.393496036529541016e-02
5.013864994049072266e+00 2.895407706105992407e-01 2.655516892278477759e-01 2.398908138275146484e-02
5.063677072525024414e+00 3.000146084352945386e-01 2.751091652437662183e-01 2.490544319152832031e-02
5.119133949279785156e+00 3.079195031965153984e-01 2.801909456098454765e-01 2.772855758666992188e-02
5.175124883651733398e+00 3.084450438499684588e-01 2.804490998268361346e-01 2.799594402313232422e-02
5.224514961242675781e+00 3.079349802768466260e-01 2.832410143649813916e-01 2.469396591186523438e-02
5.274049043655395508e+00 3.093124595351626205e-01 2.845449414916445541e-01 2.476751804351806641e-02
5.325496912002563477e+00 3.154075225213727740e-01 2.896829923013410357e-01 2.572453022003173828e-02
5.378330945968627930e+00 3.165021484447724243e-01 2.900856082988984008e-01 2.641654014587402344e-02
5.429206848144531250e+00 3.182061953200646665e-01 2.927682442321130063e-01 2.543795108795166016e-02
5.479714870452880859e+00 3.192672186699466175e-01 2.940127306786136097e-01 2.525448799133300781e-02
5.532818078994750977e+00 3.250416071858484579e-01 2.984905989613611532e-01 2.655100822448730469e-02
5.586524963378906250e+00 3.274835284674596503e-01 3.006299670660924628e-01 2.685356140136718750e-02
5.636210918426513672e+00 3.277372337647908029e-01 3.028942562409870920e-01 2.484297752380371094e-02
5.684133052825927734e+00 3.299765493587897280e-01 3.060151245312140444e-01 2.396142482757568359e-02
5.733078956604003906e+00 3.307776890333050668e-01 3.063050947721356332e-01 2.447259426116943359e-02
5.781882047653198242e+00 3.366799099707982745e-01 3.122780068183324542e-01 2.440190315246582031e-02
5.835177898406982422e+00 3.412007747243267497e-01 3.145527301381451091e-01 2.664804458618164062e-02
5.887251853942871094e+00 3.461417244975066865e-01 3.201042698924041474e-01 2.603745460510253906e-02
5.936203956604003906e+00 3.429999793474001191e-01 3.185248816911501191e-01 2.447509765625000000e-02
5.992990970611572266e+00 3.520855912837874691e-01 3.236916074428450862e-01 2.839398384094238281e-02
6.043516874313354492e+00 3.541801006269205132e-01 3.289171487760293999e-01 2.526295185089111328e-02
6.094271898269653320e+00 3.561650638630060595e-01 3.307880287220148485e-01 2.537703514099121094e-02
6.146084070205688477e+00 3.616296189541562955e-01 3.357225793118223112e-01 2.590703964233398438e-02
6.197540998458862305e+00 3.637719351506151222e-01 3.380445439076341652e-01 2.572739124298095703e-02
6.246964931488037109e+00 3.672095455120849561e-01 3.424979366253662061e-01 2.471160888671875000e-02
6.294476985931396484e+00 3.636019941210789086e-01 3.398456092715305688e-01 2.375638484954833984e-02
6.345413923263549805e+00 3.677082086270567207e-01 3.422396207516905098e-01 2.546858787536621094e-02
6.404850959777832031e+00 3.797392116619258129e-01 3.500202165676264965e-01 2.971899509429931641e-02
6.455911874771118164e+00 3.806172560201324107e-01 3.550872753606475474e-01 2.552998065948486328e-02
6.505213022232055664e+00 3.788833105080141039e-01 3.542328559868349047e-01 2.465045452117919922e-02
6.560688018798828125e+00 3.852860139005854223e-01 3.575479195707514379e-01 2.773809432983398438e-02
6.612743854522705078e+00 3.891217458242839933e-01 3.630943047995037198e-01 2.602744102478027344e-02
6.663564920425415039e+00 3.916836187275594683e-01 3.662726089390462847e-01 2.541100978851318359e-02
6.712846994400024414e+00 3.972231451976616090e-01 3.725821082103569215e-01 2.464103698730468750e-02
6.775650978088378906e+00 4.054282511042728299e-01 3.740267360972537869e-01 3.140151500701904297e-02
6.824154853820800781e+00 4.063308376944067546e-01 3.820793766653540202e-01 2.425146102905273438e-02
6.874979972839355469e+00 3.939195764084308937e-01 3.812130582352131203e-01 1.270651817321777344e-02
6.925649881362915039e+00 4.104382855387033180e-01 3.851033312769235328e-01 2.533495426177978516e-02
6.976055860519409180e+00 3.969293657515807761e-01 3.843278709624572409e-01 1.260149478912353516e-02
7.026710033416748047e+00 4.033122291104059287e-01 3.906487454907159873e-01 1.266348361968994141e-02
7.078377962112426758e+00 4.212343031121603687e-01 3.954002195550314624e-01 2.583408355712890625e-02
7.133482933044433594e+00 4.080423707490472007e-01 3.942658895974663902e-01 1.377648115158081055e-02
7.183579921722412109e+00 4.132602231325991915e-01 4.007359759631045626e-01 1.252424716949462891e-02
7.236943006515502930e+00 4.167310923053124116e-01 4.033906191302635835e-01 1.334047317504882812e-02
7.287420988082885742e+00 4.218583369862449195e-01 4.092388415943992164e-01 1.261949539184570312e-02
7.339616060256958008e+00 4.246811610563253625e-01 4.116321545942281945e-01 1.304900646209716797e-02
7.389468908309936523e+00 4.231730779356274175e-01 4.107100447363171147e-01 1.246303319931030273e-02
7.440564870834350586e+00 4.291369297889169321e-01 4.163629391578134165e-01 1.277399063110351562e-02
7.491132974624633789e+00 4.294293442128341298e-01 4.167873182652633290e-01 1.264202594757080078e-02
7.543467998504638672e+00 4.318034564830598998e-01 4.187194620944795775e-01 1.308399438858032227e-02
7.601728916168212891e+00 4.346953097165831559e-01 4.201303187192687028e-01 1.456499099731445312e-02
7.694315910339355469e+00 4.493402478066350070e-01 4.261934992638493624e-01 2.314674854278564453e-02
7.890686035156250000e+00 4.784962847107545048e-01 4.294040515297547489e-01 4.909223318099975586e-02
8.094989061355590820e+00 3.374728790257303102e-01 4.396259418461648805e-01 -1.021530628204345703e-01
8.315334081649780273e+00 2.836355465877203885e-01 3.938069838512091581e-01 -1.101714372634887695e-01
8.532469987869262695e+00 2.413090880854620313e-01 3.498776372416509961e-01 -1.085685491561889648e-01
8.806643009185791016e+00 1.510163919095782181e-01 2.881018296842364212e-01 -1.370854377746582031e-01
9.025631904602050781e+00 1.058774752269895925e-01 2.153720421444090261e-01 -1.094945669174194336e-01
9.234749078750610352e+00 1.068409571302374184e-01 1.591204294813116371e-01 -5.227947235107421875e-02
9.452455997467041016e+00 6.933623479053861727e-02 1.237629644696462833e-01 -5.442672967910766602e-02
9.652113914489746094e+00 4.430737140467873314e-02 9.422167184642067650e-02 -4.991430044174194336e-02
9.844542980194091797e+00 2.522611330712194733e-02 7.333361815178747467e-02 -4.810750484466552734e-02
1.003845906257629395e+01 4.040514394374997154e-02 4.040514394374997154e-02 0.000000000000000000e+00
1.023225998878479004e+01 4.179780358831845094e-02 4.179780358831845094e-02 0.000000000000000000e+00
1.041743993759155273e+01 4.166453097339967854e-02 4.166453097339967854e-02 0.000000000000000000e+00
1.060338902473449707e+01 4.213272863481472286e-02 4.213272863481472286e-02 0.000000000000000000e+00
1.078656291961669922e+01 4.072950407794967420e-02 4.072950407794967420e-02 0.000000000000000000e+00
1.097820901870727539e+01 4.033800625387098243e-02 4.033800625387098243e-02 0.000000000000000000e+00
1.116413593292236328e+01 5.087672388716084348e-02 5.087672388716084348e-02 0.000000000000000000e+00
1.135589098930358887e+01 3.820310501910448991e-02 3.820310501910448991e-02 0.000000000000000000e+00
1.153844094276428223e+01 4.570430219875711714e-02 4.570430219875711714e-02 0.000000000000000000e+00
1.172392106056213379e+01 5.571826912413203187e-02 5.571826912413203187e-02 0.000000000000000000e+00
1.191064906120300293e+01 4.475468710124139160e-02 4.475468710124139160e-02 0.000000000000000000e+00
1.207900404930114746e+01 5.269861039003578135e-02 5.269861039003578135e-02 0.000000000000000000e+00
1.223823094367980957e+01 6.012890099185785875e-02 6.012890099185785875e-02 0.000000000000000000e+00
1.239109587669372559e+01 4.922611485468739861e-02 4.922611485468739861e-02 0.000000000000000000e+00
1.255300998687744141e+01 5.432128379734348783e-02 5.432128379734348783e-02 0.000000000000000000e+00
1.270910191535949707e+01 6.457155695791720607e-02 6.457155695791720607e-02 0.000000000000000000e+00
1.286837005615234375e+01 5.727808368131628858e-02 5.727808368131628858e-02 0.000000000000000000e+00
1.302332592010498047e+01 6.163233206145415921e-02 6.163233206145415921e-02 0.000000000000000000e+00
1.317696094512939453e+01 6.495774059799259981e-02 6.495774059799259981e-02 0.000000000000000000e+00
1.333879089355468750e+01 2.206054053459281794e-02 6.251802764091606013e-02 -4.045748710632324219e-02
1.349018192291259766e+01 6.615005190610102892e-02 6.615005190610102892e-02 0.000000000000000000e+00
1.363818001747131348e+01 5.708347245949198234e-02 5.708347245949198234e-02 0.000000000000000000e+00
1.379863786697387695e+01 5.517914972016940006e-02 5.517914972016940006e-02 0.000000000000000000e+00
1.394674801826477051e+01 1.016498355513451163e-01 6.462182089146352448e-02 3.702801465988159180e-02
1.407861995697021484e+01 5.463440407397937570e-02 5.463440407397937570e-02 0.000000000000000000e+00
1.420102286338806152e+01 5.528542079850867763e-02 5.528542079850867763e-02 0.000000000000000000e+00
1.432797193527221680e+01 5.940587314503692484e-02 5.940587314503692484e-02 0.000000000000000000e+00
1.446264100074768066e+01 7.081146261356416338e-02 7.081146261356416338e-02 0.000000000000000000e+00
1.457117390632629395e+01 5.434034766209074052e-02 5.434034766209074052e-02 0.000000000000000000e+00
1.467463207244873047e+01 6.199782866246691948e-02 6.199782866246691948e-02 0.000000000000000000e+00
1.477807593345642090e+01 6.258856832869745535e-02 6.258856832869745535e-02 0.000000000000000000e+00
1.488685393333435059e+01 7.211944765599466456e-02 7.211944765599466456e-02 0.000000000000000000e+00
1.498827099800109863e+01 5.726236228070641365e-02 5.726236228070641365e-02 0.000000000000000000e+00
1.509099793434143066e+01 6.354285481328712792e-02 6.354285481328712792e-02 0.000000000000000000e+00
1.519180893898010254e+01 6.599853239420708229e-02 6.599853239420708229e-02 0.000000000000000000e+00
1.529886198043823242e+01 7.200070473041216002e-02 7.200070473041216002e-02 0.000000000000000000e+00
1.540185999870300293e+01 6.237167515409539759e-02 6.237167515409539759e-02 0.000000000000000000e+00
1.550192999839782715e+01 6.404597319035211511e-02 6.404597319035211511e-02 0.000000000000000000e+00
1.560167098045349121e+01 7.040648267013460693e-02 7.040648267013460693e-02 0.000000000000000000e+00
1.570818305015563965e+01 7.164487795560149641e-02 7.164487795560149641e-02 0.000000000000000000e+00
1.581420707702636719e+01 6.307178562818374634e-02 6.307178562818374634e-02 0.000000000000000000e+00
1.591286802291870117e+01 6.886668142620877564e-02 6.886668142620877564e-02 0.000000000000000000e+00
1.599086189270019531e+01 1.149910841364808201e-01 7.599355319928599584e-02 3.899753093719482422e-02
1.606969690322875977e+01 1.226884010504449146e-01 8.327137262332089118e-02 3.941702842712402344e-02
1.614475107192993164e+01 1.053958388796325668e-01 6.786887373833618009e-02 3.752696514129638672e-02
1.622516798973083496e+01 1.087334920901290441e-01 6.852551002683558712e-02 4.020798206329345703e-02
1.630216097831726074e+01 1.129945477722783115e-01 7.449698059545946383e-02 3.849756717681884766e-02
1.638681006431579590e+01 1.314816637694609935e-01 8.915771681664116932e-02 4.232394695281982422e-02
1.646332597732543945e+01 1.252951782828777283e-01 8.703710256876638629e-02 3.825807571411134200e-02
1.653836989402770996e+01 1.256712765164240131e-01 8.814931816528874531e-02 3.752195835113526778e-02
1.661398696899414062e+01 1.316297015370475609e-01 9.382116405383222890e-02 3.780853748321533203e-02
1.669351887702941895e+01 1.515910622256271822e-01 1.118251082079880360e-01 3.976595401763914628e-02
1.674579095840454102e+01 1.308770671335295066e-01 1.047410264459684714e-01 2.613604068756103516e-02
1.679654002189636230e+01 1.278322419340260918e-01 1.024572333509572442e-01 2.537500858306884766e-02
1.684619998931884766e+01 1.317109141272441164e-01 1.068815264624491945e-01 2.482938766479492188e-02
1.690168499946594238e+01 1.525388073053375315e-01 1.247957061853424282e-01 2.774310111999510331e-02
1.695767307281494141e+01 1.467144201374365464e-01 1.187209795093847886e-01 2.799344062805175781e-02
1.701035094261169434e+01 1.439741940249617547e-01 1.176351399172957390e-01 2.633905410766601562e-02
1.706189107894897461e+01 1.462880880683506413e-01 1.205181391090000553e-01 2.576994895935058594e-02
1.711536288261413574e+01 1.556306959726248274e-01 1.288937212564383039e-01 2.673697471618652344e-02
1.716842794418334961e+01 1.665209815482343869e-01 1.399894044379438596e-01 2.653157711029052734e-02
1.722574090957641602e+01 1.598880849948893512e-01 1.312316022983561481e-01 2.865648269653320312e-02
1.727687907218933105e+01 1.652222199427338667e-01 1.396527810084076948e-01 2.556943893432617188e-02
1.732552194595336914e+01 1.728351080795118011e-01 1.485140288253614105e-01 2.432107925415039062e-02
1.737505292892456055e+01 1.692074630403191393e-01 1.444419715547234362e-01 2.476549148559570312e-02
1.742653489112854004e+01 1.701304022368691216e-01 1.443894211348793755e-01 2.574098110198974609e-02
1.747711586952209473e+01 1.751169899051676915e-01 1.498255470340739415e-01 2.529144287109375000e-02
1.752666401863098145e+01 1.842413678537576371e-01 1.594683661829202348e-01 2.477300167083740234e-02
1.757640695571899414e+01 1.780707768459905971e-01 1.531991890926946986e-01 2.487158775329589844e-02
1.762860894203186035e+01 1.826192304054521376e-01 1.565182372490190321e-01 2.610099315643310547e-02
1.768811202049255371e+01 2.039174434081168219e-01 1.741660233870596930e-01 2.975142002105712891e-02
1.774024987220764160e+01 1.901140832389403845e-01 1.640445613349486853e-01 2.606952190399169922e-02
1.779291391372680664e+01 1.951750043664312317e-01 1.688434604440069153e-01 2.633154392242431641e-02
1.784386301040649414e+01 2.036014409728634789e-01 1.781270118423092796e-01 2.547442913055419922e-02
1.789338493347167969e+01 1.985357590936872585e-01 1.737746783518049343e-01 2.476108074188232422e-02
1.794565486907958984e+01 2.029861773952092441e-01 1.768507327540959628e-01 2.613544464111328125e-02
1.799479293823242188e+01 2.113578805771345881e-01 1.867893228378767756e-01 2.456855773925781250e-02
1.804430294036865234e+01 2.082274014319200062e-01 1.834719235266465687e-01 2.475547790527343750e-02
1.809689092636108398e+01 2.121951223930957087e-01 1.859016062340380915e-01 2.629351615905761719e-02
1.814790987968444824e+01 2.218701906851072436e-01 1.963597603491087085e-01 2.551043033599853516e-02
1.819836091995239258e+01 2.173884002060740839e-01 1.921638337464183222e-01 2.522456645965576172e-02
1.825136899948120117e+01 2.228770092121646895e-01 1.973465081708117574e-01 2.553050104135293208e-02
1.830577898025512695e+01 2.297140548103919766e-01 2.025115678185096524e-01 2.720248699188232422e-02
1.835694599151611328e+01 2.282098395169195326e-01 2.026258570492681654e-01 2.558398246765136719e-02
1.841026592254638672e+01 2.376743495979862231e-01 2.110142648735599535e-01 2.666008472442626953e-02
1.845758295059204102e+01 2.317314289573685626e-01 2.080729149345414142e-01 2.365851402282714844e-02
1.850737094879150391e+01 2.377608447520952462e-01 2.128663688152055977e-01 2.489447593688964844e-02
1.856151103973388672e+01 2.457260459391358010e-01 2.186561196772339455e-01 2.706992626190185547e-02
1.861394786834716797e+01 2.428957751179445235e-01 2.166777184391725508e-01 2.621805667877197266e-02
1.866752791404724121e+01 2.499662824949311635e-01 2.231757828077363393e-01 2.679049968719482422e-02
1.871877789497375488e+01 2.474672976519644574e-01 2.218427840258658246e-01 2.562451362609863281e-02
1.877230405807495117e+01 2.581148881286652319e-01 2.313519257873566659e-01 2.676296234130856599e-02
1.882756304740905762e+01 2.588519040589922771e-01 2.312219325547808235e-01 2.762997150421145354e-02
1.887914586067199707e+01 2.632641119235011873e-01 2.374725860827419377e-01 2.579152584075924959e-02
1.893488907814025879e+01 2.643705375906292843e-01 2.364990480657879757e-01 2.787148952484130859e-02
1.899190807342529297e+01 2.676165295202863614e-01 2.391070318777692438e-01 2.850949764251711760e-02
1.904116606712341309e+01 2.688421464706723940e-01 2.442131496216123632e-01 2.462899684906003084e-02
1.910485506057739258e+01 2.781155117467830618e-01 2.462714918569515188e-01 3.184401988983154297e-02
1.915358901023864746e+01 2.792810738325407494e-01 2.549140990019133080e-01 2.436697483062744141e-02
1.920301795005798340e+01 2.750648670348243008e-01 2.503508739623145352e-01 2.471399307250976562e-02
1.925270199775695801e+01 2.831744822392330274e-01 2.583324583897457227e-01 2.484202384948730469e-02
1.930456089973449707e+01 2.815385755811651292e-01 2.556080517087896409e-01 2.593052387237548828e-02
1.935849690437316895e+01 2.886388289119136141e-01 2.616713034297358798e-01 2.696752548217773438e-02
1.940665698051452637e+01 2.858146239831816926e-01 2.617341090753447785e-01 2.408051490783691406e-02
1.946149706840515137e+01 3.032069755835113956e-01 2.757875276846466495e-01 2.741944789886474609e-02
1.951188397407531738e+01 2.951263428389074295e-01 2.699327707945348709e-01 2.519357204437255859e-02
1.956548190116882324e+01 3.071489633309902323e-01 2.803499997842373026e-01 2.679896354675292969e-02
1.961609292030334473e+01 3.012137660719011456e-01 2.759087333417986065e-01 2.530503273010253906e-02
1.966458296775817871e+01 3.092235989165254550e-01 2.849780983519502597e-01 2.424550056457519531e-02
1.971395397186279297e+01 3.068267780846687387e-01 2.821407991952034067e-01 2.468597888946533203e-02
1.976809501647949219e+01 3.169928052452309908e-01 2.899228789833291353e-01 2.706992626190185547e-02
1.981771898269653320e+01 3.117073311545983660e-01 2.868953480460778582e-01 2.481198310852050781e-02
1.986988401412963867e+01 3.163398088153838161e-01 2.902572930988310818e-01 2.608251571655273438e-02
1.992504692077636719e+01 3.170922579556857412e-01 2.901674670346638951e-01 2.692479092102184612e-02
1.997750306129455566e+01 3.247851331762371396e-01 2.985567052892742490e-01 2.622842788696289062e-02
2.003053903579711914e+01 3.210096572717967556e-01 2.944916700205150173e-01 2.651798725128173828e-02
2.008265304565429688e+01 3.308442010505407427e-01 3.047867192847936724e-01 2.605748176574707031e-02
2.013357186317443848e+01 3.276217958526158602e-01 3.021627447204137118e-01 2.545905113220214844e-02
2.018198990821838379e+01 3.353668987885912167e-01 3.111573994294603573e-01 2.420949935913085938e-02
2.023478198051452637e+01 3.359433927330469083e-01 3.095478334221338224e-01 2.639555931091308594e-02
2.028366494178771973e+01 3.445325656549147464e-01 3.200906081811598636e-01 2.444195747375488281e-02
2.033289289474487305e+01 3.416797156088728915e-01 3.170662159674544345e-01 2.461349964141845703e-02
2.039023303985595703e+01 3.531117200093773500e-01 3.244417666631249086e-01 2.866995334625244141e-02
2.043969297409057617e+01 3.461261690391747581e-01 3.213956058754174339e-01 2.473056316375732422e-02
2.048852586746215820e+01 3.554184085320730713e-01 3.310024386834402588e-01 2.441596984863281250e-02
2.053951907157897949e+01 3.554388150250625267e-01 3.299428090130996361e-01 2.549600601196289062e-02
2.058942985534667969e+01 3.630890262940443258e-01 3.381325615265882711e-01 2.495646476745605469e-02
2.063813400268554688e+01 3.602096431916376740e-01 3.358581655686518341e-01 2.435147762298583984e-02
2.068686699867248535e+01 3.706288749441967179e-01 3.462617809042797257e-01 2.436709403991699219e-02
2.073776507377624512e+01 3.689714917410212847e-01 3.435225733984309526e-01 2.544891834259033203e-02
2.078689694404602051e+01 3.682916028937182062e-01 3.437260253866991633e-01 2.456557750701904297e-02
2.084967803955078125e+01 3.749200355316966160e-01 3.435291301514475926e-01 3.139090538024902344e-02
2.090330600738525391e+01 3.792923191536296534e-01 3.524788120735515284e-01 2.681350708007812500e-02
2.095295190811157227e+01 3.754486402275896140e-01 3.506255706551408835e-01 2.482306957244873047e-02
2.100094199180603027e+01 3.853914311933239745e-01 3.613965085553845213e-01 2.399492263793945312e-02
2.105262207984924316e+01 3.832661498409424827e-01 3.574261058193360374e-01 2.584004402160644531e-02
2.110127496719360352e+01 3.761058984591404974e-01 3.517788587405125678e-01 2.432703971862792969e-02
2.115358996391296387e+01 3.879507412739869876e-01 3.617932429143068118e-01 2.615749835968017578e-02
2.120913791656494141e+01 3.857231707323408587e-01 3.579496712435102923e-01 2.777349948883056641e-02
2.126142597198486328e+01 3.939417568109089274e-01 3.677967754266315836e-01 2.614498138427734375e-02
2.131094598770141602e+01 3.858790939780684659e-01 3.611201590033980557e-01 2.475893497467041016e-02
2.136240696907043457e+01 3.925964521502340876e-01 3.668664383028830134e-01 2.573001384735107422e-02
2.141245198249816895e+01 4.011098188055101099e-01 3.760862392080369654e-01 2.502357959747314453e-02
2.146448898315429688e+01 3.855574707310457372e-01 3.725482205670137548e-01 1.300925016403198242e-02
2.151590299606323242e+01 3.990763802320855258e-01 3.733693737776177524e-01 2.570700645446777344e-02
2.156443190574645996e+01 4.015995749692854444e-01 3.773346432905134717e-01 2.426493167877197266e-02
2.161309790611267090e+01 3.961000932691792209e-01 3.839340700147846897e-01 1.216602325439453125e-02
2.166573095321655273e+01 3.929774650844278239e-01 3.798189648898782633e-01 1.315850019454956055e-02
2.172305703163146973e+01 4.233091774775454286e-01 3.946467343165346864e-01 2.866244316101074219e-02
2.177823400497436523e+01 4.054018910293374356e-01 3.916076476936135586e-01 1.379424333572387695e-02
2.182736897468566895e+01 4.182407922296747516e-01 3.936727113275751422e-01 2.456808090209960938e-02
2.188058686256408691e+01 4.108272927804813013e-01 3.975230592294559107e-01 1.330423355102539062e-02
2.193076705932617188e+01 4.151551382048442873e-01 4.026101486189678225e-01 1.254498958587646484e-02
2.197968101501464844e+01 4.107978160197550688e-01 3.985690290744120512e-01 1.222878694534301758e-02
2.203215193748474121e+01 4.163355456201041638e-01 4.032180534211600720e-01 1.311749219894409180e-02
2.208894491195678711e+01 4.213802073628757361e-01 4.071819637448642615e-01 1.419824361801147461e-02
2.214150404930114746e+01 4.195249914420767778e-01 4.063852667106314653e-01 1.313972473144531250e-02
2.219130396842956543e+01 4.238622338310908955e-01 4.114119560257625263e-01 1.245027780532836914e-02
2.224687504768371582e+01 4.316658630703318345e-01 4.177733912800181137e-01 1.389247179031372070e-02
2.229675507545471191e+01 4.255677944161649351e-01 4.130977874734159117e-01 1.247000694274902344e-02
2.234586906433105469e+01 4.299074564552937128e-01 4.176289592362080194e-01 1.227849721908569336e-02
2.239647793769836426e+01 4.304783642171221003e-01 4.178263842938738093e-01 1.265197992324829102e-02
2.244636893272399902e+01 4.362418976982957997e-01 4.237688509186632313e-01 1.247304677963256836e-02
2.250174903869628906e+01 4.413088428890398762e-01 4.274636375820330403e-01 1.384520530700683594e-02
2.255407691001892090e+01 4.402012298929627310e-01 4.271192024576599966e-01 1.308202743530273438e-02
2.260677695274353027e+01 4.457910453285255370e-01 4.326162730659522948e-01 1.317477226257324219e-02
2.265757393836975098e+01 4.448055991239480145e-01 4.321063527173928387e-01 1.269924640655517578e-02
2.270834493637084961e+01 4.429301104622200835e-01 4.302376589851693023e-01 1.269245147705078125e-02
2.276044487953186035e+01 4.463024240049489055e-01 4.332771401914723430e-01 1.302528381347656250e-02
2.281381201744079590e+01 4.479490481343713082e-01 4.346073232617821969e-01 1.334172487258911133e-02
2.286596393585205078e+01 4.514523584351849417e-01 4.384145576463055471e-01 1.303780078887939453e-02
2.292213392257690430e+01 4.569650706662700124e-01 4.429223355664775319e-01 1.404273509979248047e-02
2.297745203971862793e+01 4.585467947594064064e-01 4.447170866600411721e-01 1.382970809936523438e-02
2.302976202964782715e+01 4.582474524964193496e-01 4.451701934326986465e-01 1.307725906372070312e-02
2.308189606666564941e+01 4.574739180965026186e-01 4.444398724002440737e-01 1.303404569625854492e-02
2.313483095169067383e+01 4.566457182948270299e-01 4.434127718989530065e-01 1.323294639587402344e-02
2.318610906600952148e+01 4.587214197737042864e-01 4.459014143568341693e-01 1.282000541687011719e-02
2.324217700958251953e+01 4.631048046350360048e-01 4.490880571603655946e-01 1.401674747467041016e-02
2.328982901573181152e+01 4.625275750446455336e-01 4.506145735073225356e-01 1.191300153732299805e-02
2.334113192558288574e+01 4.653916548443439716e-01 4.525661061955097431e-01 1.282554864883422852e-02
2.339411187171936035e+01 4.697930118549439316e-01 4.565477869022461777e-01 1.324522495269775391e-02
2.344583296775817871e+01 4.695577642384262673e-01 4.566274902287216775e-01 1.293027400970458984e-02
2.349969601631164551e+01 4.757574122127777860e-01 4.622914116558319853e-01 1.346600055694580078e-02
2.354887795448303223e+01 4.713612059001242582e-01 4.590654829386984770e-01 1.229572296142578125e-02
2.360077190399169922e+01 4.716785080947502595e-01 4.587057359733208162e-01 1.297277212142944336e-02
2.365236997604370117e+01 4.766563366775328214e-01 4.637565802459532316e-01 1.289975643157958984e-02
2.371003293991088867e+01 4.784527010593023211e-01 4.640369600925054461e-01 1.441574096679687500e-02
2.376151490211486816e+01 4.809479974812223557e-01 4.680775069302274827e-01 1.287049055099487305e-02
2.381459903717041016e+01 4.808710261039933487e-01 4.675998135261735245e-01 1.327121257781982422e-02
2.386526989936828613e+01 4.801682484867696998e-01 4.675007117512350319e-01 1.266753673553466797e-02
2.391463685035705566e+01 4.816080103622661368e-01 4.692665110336528556e-01 1.234149932861328125e-02
2.396568894386291504e+01 4.862747098353794595e-01 4.735114480403355142e-01 1.276326179504394531e-02
2.401437687873840332e+01 4.846973819707634523e-01 4.725256366704704836e-01 1.217174530029296875e-02
2.406645989418029785e+01 4.901645955843514924e-01 4.771436033052987580e-01 1.302099227905273438e-02
2.412678289413452148e+01 4.875899959183586652e-01 4.725092459298027570e-01 1.508074998855590820e-02
2.417627286911010742e+01 4.868315539425387972e-01 4.744588217800632113e-01 1.237273216247558594e-02
2.422901391983032227e+01 4.881258031955610366e-01 4.749407789340864272e-01 1.318502426147460938e-02
2.428041696548461914e+01 4.905657385395535974e-01 4.777149771259793787e-01 1.285076141357421875e-02
2.432938694953918457e+01 4.954822308373136863e-01 4.832397348236723289e-01 1.224249601364135742e-02
2.438104104995727539e+01 4.972859464657484740e-01 4.843722425472914428e-01 1.291370391845703125e-02
2.443123507499694824e+01 4.981086802334407371e-01 4.855601739735225242e-01 1.254850625991821289e-02
2.448126602172851562e+01 4.967423890350486371e-01 4.842348907707358929e-01 1.250749826431274414e-02
2.453200292587280273e+01 4.945202474499883483e-01 4.818359618092717955e-01 1.268428564071655273e-02
2.459066486358642578e+01 5.034277943807952127e-01 4.887623099523895065e-01 1.466548442840570621e-02
2.469203305244445801e+01 5.112538779704167702e-01 4.859116519419743319e-01 2.534222602844243832e-02
2.474263000488281250e+01 5.021616876728161039e-01 4.895123899585827054e-01 1.264929771423339844e-02
2.479519701004028320e+01 5.041521824848862465e-01 4.910107292187423922e-01 1.314145326614385434e-02
2.484784793853759766e+01 5.023425918462119943e-01 4.891800981404624826e-01 1.316249370574951172e-02
2.490057992935180664e+01 5.079770563207517409e-01 4.947937605939756733e-01 1.318329572677606754e-02
2.494910097122192383e+01 5.037275576972243263e-01 4.915970588111159278e-01 1.213049888610839844e-02
2.499945688247680664e+01 5.012653529260722163e-01 4.886766135309306702e-01 1.258873939514154605e-02
2.505355691909790039e+01 4.987588112270690544e-01 4.852340404903747184e-01 1.352477073669433594e-02
2.510559391975402832e+01 4.977696351557291954e-01 4.847601465731181114e-01 1.300948858261108398e-02
2.515556287765502930e+01 4.949387876870592340e-01 4.824465482118089898e-01 1.249223947525024414e-02
2.520559406280517578e+01 4.978366742228103603e-01 4.853289375399185146e-01 1.250773668289184570e-02
2.526556587219238281e+01 5.009097323498032939e-01 4.859162435611985020e-01 1.499348878860479184e-02
2.531479501724243164e+01 5.004649638997890060e-01 4.881579160558559005e-01 1.230704784393310547e-02
2.536460185050964355e+01 4.993784860255039426e-01 4.869270161272800657e-01 1.245146989822387695e-02
2.541899394989013672e+01 4.986245214768381118e-01 4.850264966317148208e-01 1.359802484512329102e-02
2.546916007995605469e+01 4.952898831302597338e-01 4.827484102184250170e-01 1.254147291183471680e-02
2.552067399024963379e+01 4.939432558095991910e-01 4.810647782362044156e-01 1.287847757339477539e-02
2.557234692573547363e+01 4.925433146447186217e-01 4.796247827500347838e-01 1.291853189468383789e-02
2.562180685997009277e+01 4.906706481665348285e-01 4.783059030264591449e-01 1.236474514007568359e-02
2.567823004722595215e+01 4.955623598812651798e-01 4.814566226719451114e-01 1.410573720932006836e-02
2.572869205474853516e+01 4.934085971495420497e-01 4.807930952688962978e-01 1.261550188064575195e-02
2.578177189826965332e+01 4.935614169677133289e-01 4.802911580642099110e-01 1.327025890350341797e-02
2.583205294609069824e+01 4.964305193155493789e-01 4.838602573602881485e-01 1.257026195526123047e-02
2.588257598876953125e+01 4.947784955479783697e-01 4.821477348782701178e-01 1.263076066970825195e-02
2.593846988677978516e+01 4.973545908913061808e-01 4.833813548073218058e-01 1.397323608398437500e-02
2.598757386207580566e+01 4.924167623007050798e-01 4.801407684766999528e-01 1.227599382400512695e-02
2.603844094276428223e+01 4.920818280958248470e-01 4.793650579237057063e-01 1.271677017211914062e-02
2.608853101730346680e+01 4.912181237654799637e-01 4.786953667121047196e-01 1.252275705337524414e-02
2.614177489280700684e+01 4.882692199840292235e-01 4.749584895267233153e-01 1.331073045730590820e-02
2.619337701797485352e+01 4.840132003677696804e-01 4.711127286804527858e-01 1.290047168731689453e-02
2.624244284629821777e+01 4.830056516453656856e-01 4.707393733784589474e-01 1.226627826690673828e-02
2.629792690277099609e+01 4.825728256955325590e-01 4.687013347401797758e-01 1.387149095535278320e-02
2.635197591781616211e+01 4.878889139132708830e-01 4.743768985705584806e-01 1.351201534271240234e-02
2.640123605728149414e+01 4.841801561338848758e-01 4.718649424536175419e-01 1.231521368026733398e-02
2.645290589332580566e+01 4.862820520009425440e-01 4.733647718037989893e-01 1.291728019714355469e-02
2.650416088104248047e+01 4.810106814437544731e-01 4.681966960960066704e-01 1.281398534774780273e-02
2.655649685859680176e+01 4.792385763617932892e-01 4.661545819732129670e-01 1.308399438858032227e-02
2.660561800003051758e+01 4.760318864138071149e-01 4.637516010553781598e-01 1.228028535842895508e-02
2.665811705589294434e+01 4.819368761865353568e-01 4.688121718255734427e-01 1.312470436096191406e-02
2.670908689498901367e+01 4.774122247761369287e-01 4.646699438160539208e-01 1.274228096008300781e-02
2.675686407089233398e+01 4.822429110980070988e-01 4.702986767268217960e-01 1.194423437118530273e-02
2.680634784698486328e+01 4.836768426425882006e-01 4.713060774333902025e-01 1.237076520919799805e-02
2.686125302314758301e+01 4.928700593692310061e-01 4.791435865146167483e-01 1.372647285461425781e-02
2.691394805908203125e+01 4.938894064443861143e-01 4.807156474607740537e-01 1.317375898361206055e-02
2.696322894096374512e+01 4.921823756334919309e-01 4.798616187212604856e-01 1.232075691223144531e-02
2.701305484771728516e+01 4.934398374005436461e-01 4.809835991307377379e-01 1.245623826980590820e-02
2.706253790855407715e+01 4.928154092060823555e-01 4.804448824154634590e-01 1.237052679061889648e-02
2.711953806877136230e+01 4.959128388828035749e-01 4.816628584331270613e-01 1.424998044967651367e-02
2.717076492309570312e+01 4.991476003566309716e-01 4.863408271709009911e-01 1.280677318572998047e-02
2.721953606605529785e+01 5.007615033159891205e-01 4.885685387621561127e-01 1.219296455383300781e-02
2.726905393600463867e+01 5.027861607848116421e-01 4.904068721114107632e-01 1.237928867340087891e-02
2.731827807426452637e+01 5.109601691432948956e-01 4.986541941829677471e-01 1.230597496032714844e-02
2.736937999725341797e+01 5.130482790615571442e-01 5.002725002911103669e-01 1.277577877044677734e-02
2.742910099029541016e+01 5.188983841204696246e-01 5.039684338831954546e-01 1.492995023727416992e-02
2.747760796546936035e+01 5.152060739219513907e-01 5.030790321052399650e-01 1.212704181671142578e-02
2.752983498573303223e+01 5.208270076758260148e-01 5.077705506331319230e-01 1.305645704269409180e-02
2.758280587196350098e+01 5.207608750719144863e-01 5.075180939096525234e-01 1.324278116226196289e-02
2.763275790214538574e+01 5.185457143194605045e-01 5.060574683554102116e-01 1.248824596405029297e-02
2.768236589431762695e+01 5.200997509310432143e-01 5.076977528879829116e-01 1.240199804306030273e-02
2.773360896110534668e+01 5.225034879261417631e-01 5.096922443920536283e-01 1.281124353408813477e-02
2.778669404983520508e+01 5.250884510645237313e-01 5.118179537424412118e-01 1.327049732208251953e-02
2.783609700202941895e+01 5.294182225645877038e-01 5.170671864928103600e-01 1.235103607177734375e-02
2.788583087921142578e+01 5.302251398809780802e-01 5.177916705854763713e-01 1.243346929550170898e-02
2.794045400619506836e+01 5.318648582350848919e-01 5.182093745123981243e-01 1.365548372268676758e-02
2.799078202247619629e+01 5.347567178491172690e-01 5.221744157556114097e-01 1.258230209350585938e-02
2.804007291793823242e+01 5.359788674329699631e-01 5.236563819860400315e-01 1.232248544692993164e-02
2.808956694602966309e+01 5.362309399200326787e-01 5.238569560600168096e-01 1.237398386001586914e-02
2.814184093475341797e+01 5.374670290343469548e-01 5.243990086905664372e-01 1.306802034378051758e-02
2.819576287269592285e+01 5.398600071067222173e-01 5.263795226210959965e-01 1.348048448562622070e-02
2.824564194679260254e+01 5.381387876725080011e-01 5.256690191483380792e-01 1.246976852416992188e-02
2.830092406272888184e+01 5.453113943523995033e-01 5.255477140860377316e-01 1.976368026636177166e-02
2.835061788558959961e+01 5.437506032971716197e-01 5.313270879773474009e-01 1.242351531982421875e-02
2.840124201774597168e+01 5.403319362188778729e-01 5.276762012030087323e-01 1.265573501586914062e-02
2.845095205307006836e+01 5.401981751422851863e-01 5.277706663112610164e-01 1.242750883102416992e-02
2.851056194305419922e+01 5.434117691593652877e-01 5.285089986401086959e-01 1.490277051925659180e-02
2.855983686447143555e+01 5.407465506939197475e-01 5.284280587581897670e-01 1.231849193572998047e-02
2.860922098159790039e+01 5.400488294390127786e-01 5.277028001573965676e-01 1.234602928161621094e-02
2.865867090225219727e+01 5.413460796850105838e-01 5.289838379400154666e-01 1.236224174499511719e-02
2.871264600753784180e+01 5.449215512580287690e-01 5.314278345412624116e-01 1.349371671676635742e-02
2.876347804069519043e+01 5.449419581540113633e-01 5.322324597485548203e-01 1.270949840545654297e-02
2.881683397293090820e+01 5.474217558051543975e-01 5.340839648391204619e-01 1.333779096603393555e-02
2.886466693878173828e+01 5.358032758366720882e-01 5.358032758366720882e-01 0.000000000000000000e+00
2.891419506072998047e+01 5.491452146097544063e-01 5.367630053087595332e-01 1.238220930099487305e-02
2.896402001380920410e+01 5.343300573531510889e-01 5.343300573531510889e-01 0.000000000000000000e+00
2.901284885406494141e+01 5.455025497687023828e-01 5.332952801001232812e-01 1.220726966857910156e-02
2.906261086463928223e+01 5.478922248479479729e-01 5.354519606229418693e-01 1.244026422500610352e-02
2.911630487442016602e+01 5.529981463547896103e-01 5.395744054909895615e-01 1.342374086380004883e-02
2.916476702690124512e+01 5.527096116811154314e-01 5.405938351422665544e-01 1.211577653884887695e-02
2.921421003341674805e+01 5.412384543856305630e-01 5.412384543856305630e-01 0.000000000000000000e+00
2.926433491706848145e+01 5.535293831277701138e-01 5.409983410287710903e-01 1.253104209899902344e-02
2.931322002410888672e+01 5.401019631097075946e-01 5.401019631097075946e-01 0.000000000000000000e+00
2.936433506011962891e+01 5.566617646549338883e-01 5.438830056522483414e-01 1.277875900268554688e-02
2.941428089141845703e+01 5.526520186680923263e-01 5.401652628201614181e-01 1.248675584793090820e-02
2.946401405334472656e+01 5.438466238607553294e-01 5.438466238607553294e-01 0.000000000000000000e+00
2.951247406005859375e+01 5.551570203376612334e-01 5.430422570777735380e-01 1.211476325988769531e-02
2.956551194190979004e+01 5.431278344014326409e-01 5.431278344014326409e-01 0.000000000000000000e+00
2.961777091026306152e+01 5.556580061324453146e-01 5.425932640441274435e-01 1.306474208831787109e-02
2.966875505447387695e+01 5.415867538496358380e-01 5.415867538496358380e-01 0.000000000000000000e+00
2.971864104270935059e+01 5.552308486057963011e-01 5.427598879887308714e-01 1.247096061706542969e-02
2.977499008178710938e+01 5.563861231073056191e-01 5.422988633378659218e-01 1.408725976943969727e-02
2.982449698448181152e+01 5.397050218576856517e-01 5.397050218576856517e-01 0.000000000000000000e+00
2.987370204925537109e+01 5.538000695707806509e-01 5.414988033773907583e-01 1.230126619338989258e-02
2.992658805847167969e+01 5.559728150524394508e-01 5.427513127483623023e-01 1.322150230407714844e-02
2.997669601440429688e+01 5.586919373583386639e-01 5.461646503519604900e-01 1.252728700637817383e-02
3.002667093276977539e+01 5.457710346744681917e-01 5.457710346744681917e-01 0.000000000000000000e+00
3.007798504829406738e+01 5.624782522683375863e-01 5.496497829919093636e-01 1.282846927642822266e-02
3.012651801109313965e+01 5.518454033624625721e-01 5.518454033624625721e-01 0.000000000000000000e+00
3.017450690269470215e+01 5.550066773868220782e-01 5.550066773868220782e-01 0.000000000000000000e+00
3.022223687171936035e+01 5.554874720739979566e-01 5.554874720739979566e-01 0.000000000000000000e+00
3.027296185493469238e+01 5.564620835568480084e-01 5.564620835568480084e-01 0.000000000000000000e+00
3.032126998901367188e+01 5.582966536348298314e-01 5.582966536348298314e-01 0.000000000000000000e+00
3.036802697181701660e+01 5.573747836909769271e-01 5.573747836909769271e-01 0.000000000000000000e+00
3.042272591590881348e+01 5.610012926015004453e-01 5.610012926015004453e-01 0.000000000000000000e+00
3.047166705131530762e+01 5.612958816799110684e-01 5.612958816799110684e-01 0.000000000000000000e+00
3.051796197891235352e+01 5.600472953833878220e-01 5.600472953833878220e-01 0.000000000000000000e+00
3.056394505500793457e+01 5.605555138050271058e-01 5.605555138050271058e-01 0.000000000000000000e+00
3.061184287071228027e+01 5.604154090253418152e-01 5.604154090253418152e-01 0.000000000000000000e+00
3.066100597381591797e+01 5.613687933390946183e-01 5.613687933390946183e-01 0.000000000000000000e+00
3.071940708160400391e+01 5.646439915254743980e-01 5.646439915254743980e-01 0.000000000000000000e+00
3.076685285568237305e+01 5.647560998526903742e-01 5.647560998526903742e-01 0.000000000000000000e+00
3.081772089004516602e+01 5.627017125213338300e-01 5.627017125213338300e-01 0.000000000000000000e+00
3.086873698234558105e+01 5.651558875075849420e-01 5.651558875075849420e-01 0.000000000000000000e+00
3.091877388954162598e+01 5.618904094680389205e-01 5.618904094680389205e-01 0.000000000000000000e+00
