-9.319471521339530717e-01
-2.101518492483692047e+00
-1.028794485876245446e+00
-8.804314565875596132e-01
-3.671743105939702545e+00
-1.000204392761089078e+00
-9.071004931421622342e-01
-4.555576976056021632e-01
-2.939375867700115830e-01
-7.381883841014300618e-01
-9.806505628288941789e-01
-1.190658267027759232e+00
-1.645652064956067306e+00
-1.025272060737717039e+00
-1.027669999786702704e+00
3.373686606959456213e-01
-1.001069801395561454e+00
-1.800078395153824840e+00
-1.082426605823232357e+00
-9.999697281830922657e-01
-1.010167426837564886e+00
-4.822936133015699456e-01
