-2.917716233770678916e-03
-1.166784341671733838e-02
-1.090558971977450553e-01
-9.440538037488640510e-01
-1.975612650198818598e-02
-9.824002406421026290e-01
-9.763484584633689289e-01
-8.613667918551555225e-01
-9.895913443678416854e-01
-2.110606513722535632e-02
-9.588341274318585850e-01
-9.587389392223972795e-01
-3.172326692808413034e-02
2.127131610616005836e-02
-4.733213387570706782e-02
3.459074229135697311e-03
-9.642383026109676569e-01
-9.657549497707001995e-01
7.239564187187388922e-02
-1.000330018479060668e+00
-3.938175916991754066e-02
-2.358618168724539374e-02
4.796214521434409572e-02
