-1.390893487180732638e-03
-9.234241116950591809e-04
-2.336368256512066216e-04
2.000069845393753454e+01
-3.861523334300899198e-04
-4.502227155033011524e-04
2.056458536392468414e-04
2.000044682823024900e+01
-5.787404747649385226e-04
3.257438860699401052e-04
-2.714011884961565080e-04
4.894729220977111399e-04
-6.191651363662839047e-04
6.564515847518491085e-04
1.395183365866082094e-04
-1.969885430543438624e-04
7.855580536642023368e-06
-9.777003853743689390e-05
2.000006044330859467e+01
2.910587919844332392e-05
-1.280183270755408658e-04
-8.156954451070676476e-05
-4.857086465142044688e-05
-4.806180300498397851e-05
-4.789811404828371691e-05
-2.214860364553317547e-05
2.000005623153837320e+01
2.000010490594697998e+01
-3.792981556847151734e-05
-4.235170095086006033e-05
5.088500548593445877e-05
-1.191696420033140095e-05
2.073792789918371614e-05
-2.707712461003097476e-05
4.364818867808040690e-06
-5.022933389158269995e-05
2.000003481848157705e+01
2.000000975185403007e+01
-3.370031541680695717e-05
-3.299766932025605522e-05
2.000010112790108252e+01
-4.679677175265518739e-05
6.143369546407446333e-07
2.000009509684473841e+01
-1.056632137450996849e-04
-7.542414871561930209e-05
-4.462798370941098162e-06
-2.296765112976828301e-05
-5.691996785728294571e-06
1.999995125318058342e+01
2.073662694606071610e-05
-4.868431842339760438e-05
2.000000457590472891e+01
3.503793627843699286e-05
-7.724503696495687590e-05
-2.853126900923541462e-05
-1.936757273828249297e-05
2.000003120460589301e+01
-2.286483622571109563e-06
-5.791012674096763493e-05
4.027837131346245634e-05
2.737918942141705193e-06
2.000001537423765186e+01
-8.943218255881292241e-05
-2.576652126595746156e-05
8.926283120747056964e-06
4.268863208789495966e-06
-1.765770558437296668e-06
-1.787974407898573894e-05
3.487741839358626128e-05
-3.142188742222273845e-05
-2.898889518823111663e-05
-3.669780203123807199e-05
-5.197986218874462222e-06
4.221665612136325828e-05
1.999998775904799686e+01
9.395796412015053477e-07
1.209618348863018038e-06
-6.722664282410308532e-06
2.000000051948553903e+01
2.000000834521766890e+01
-4.198970207180963821e-05
1.582200418095424678e-05
2.000002450845560631e+01
2.088978345566871737e-05
2.000000901151486232e+01
2.000001320438542862e+01
2.000000309110096097e+01
2.000001106451322030e+01
1.999999681150278263e+01
2.000002006057016857e+01
2.000000497561492097e+01
-3.901936727679351549e-06
1.999999844408804250e+01
1.999998921819924647e+01
2.000000124390321332e+01
1.999999970730502596e+01
2.000002540756366187e+01
2.000001811046366740e+01
1.999999808082830555e+01
2.000001212027006048e+01
2.000000634356931428e+01
2.000002664103084982e+01
2.000001412405773138e+01
1.999999998509231958e+01
1.999999570754054901e+01
1.999999925142847701e+01
2.000000935672354530e+01
2.000005976728838419e+01
2.000001430726852547e+01
2.000000352102753709e+01
2.000000254979493874e+01
2.000000072843720034e+01
2.000000633586898147e+01
1.999999186354753533e+01
2.000000708440093078e+01
1.999999010040300007e+01
2.000001666047666404e+01
2.000000626265973835e+01
1.999999907763605123e+01
2.000000611385549476e+01
2.000000733380069207e+01
2.000000821052387323e+01
1.999998759506961932e+01
2.000000438940903535e+01
2.000001027535423859e+01
1.473802254796652549e-05
2.000000405083783761e+01
2.000001086451378640e+01
1.999999991818217282e+01
2.000001939055556477e+01
1.999999785240304462e+01
2.000001271548451243e+01
2.000000022211557393e+01
2.000000057947234566e+01
1.184499185313825873e-05
1.999999353525360490e+01
2.000001762817018758e+01
2.000004974705949934e+01
2.000000544525952861e+01
2.000000399735161238e+01
2.000001348986431182e+01
2.000000377738834700e+01
2.000000577382467881e+01
2.000000118780203096e+01
2.000001752532751098e+01
1.999999820997165401e+01
2.000000930936036525e+01
2.000000820667278489e+01
2.000000274242291098e+01
2.000000365752788412e+01
1.999998396429684533e+01
2.000000277667798088e+01
2.000000895494596520e+01
2.000000400479983398e+01
1.999999994555207294e+01
2.000000221987605187e+01
2.000002834982450750e+01
2.000002030655847918e+01
2.000001103093111610e+01
2.000000214496796858e+01
2.000000123626638526e+01
2.000000386921037787e+01
2.000000853616122853e+01
2.000002536013313659e+01
2.000000588557308845e+01
2.000000263323583027e+01
2.000000449572717542e+01
1.999998381437263717e+01
2.000000166716133165e+01
2.000001407813465804e+01
2.000000141408058241e+01
1.999999991231211993e+01
2.000000598419045161e+01
2.000000052575118303e+01
1.999999842935653760e+01
2.000000381366233171e+01
1.999999815026095007e+01
2.000000303770623589e+01
1.999999696177292918e+01
2.000000474605508316e+01
2.000000899922151021e+01
2.000003106797816343e+01
2.000002504686295879e+01
2.000000754064562614e+01
2.000000533570887029e+01
2.000003994987869760e+01
1.999999793253612168e+01
2.000000358964703295e+01
2.000001694018125775e+01
2.000000111679820236e+01
2.000000225429208101e+01
2.000001104209645320e+01
2.000000245065709592e+01
2.000000139388877329e+01
2.000000586170520833e+01
1.999999937752110313e+01
1.999999684872765471e+01
1.999999382854814911e+01
2.000000353254445074e+01
2.000002038282056915e+01
2.000000125681085450e+01
2.000000688970347795e+01
1.999999860269289798e+01
2.000000019365736748e+01
2.000000774113049928e+01
2.000002950368956434e+01
2.000000611005897255e+01
1.999999163323914075e+01
2.000000965902697558e+01
2.000000262292194009e+01
2.000000035171591506e+01
1.999999958356373853e+01
1.999999981794233506e+01
1.999999647413033443e+01
1.999999551317515767e+01
1.999999824329607989e+01
2.000000316476969431e+01
2.000000258465430392e+01
2.000000433476048300e+01
2.000000999425062531e+01
2.000001943577242969e+01
1.999999458459496537e+01
2.000000724217530035e+01
2.000000891710610063e+01
2.000001817083233036e+01
2.000001261173366274e+01
2.000000567162154042e+01
1.999999983716822882e+01
2.000000349473275563e+01
2.000001142152002487e+01
2.000001199652835382e+01
2.000000552280318900e+01
2.000000193087970501e+01
2.000001218476100462e+01
1.999999990410272233e+01
2.000000173354949951e+01
